particle_11:5/particle_11:5.out:DISRUPTION	3.357	0.99197	26.0859	69.0959	199.8899	139.9422	0.027	6.687	5	79	nan	7	122	nan
particle_2:1/particle_2:1.out:DISRUPTION	2.9648	0.98498	15.7065	320.4479	62.1393	33.5693	0.0445	5.885	6	296	53	8	284	36
particle_2:1/particle_2:1.out:DISRUPTION	3.313	0.98393	14.3256	89.392	181.2176	253.3907	0.0532	6.5727	8	74	nan	9	50	nan
particle_2:1/particle_2:1.out:DISRUPTION	3.3299	0.98649	24.383	260.6	31.8462	124.0304	0.045	6.6147	6	371	nan	9	371	nan
particle_2:1/particle_2:1.out:DISRUPTION	2.9036	0.99428	34.1436	276.7547	177.6909	95.6629	0.0166	5.7905	nan	nan	nan	nan	nan	nan
particle_2:1/particle_2:1.out:DISRUPTION	3.2728	0.98573	19.4239	100.5489	289.401	335.0609	0.0467	6.499	6	761	133	10	1253	68
particle_2:1/particle_2:1.out:DISRUPTION	3.1029	0.983	20.3282	182.7812	272.9424	318.2411	0.0527	6.153	8	1614	88	9	1695	73
particle_2:1/particle_2:1.out:DISRUPTION	3.3008	0.99007	23.8916	299.9122	57.7673	247.2735	0.0328	6.5688	5	195	nan	7	289	nan
particle_2:1/particle_2:1.out:DISRUPTION	2.8868	0.98418	20.025	227.8088	26.2739	253.7149	0.0457	5.7279	6	132	nan	8	132	nan
particle_2:1/particle_2:1.out:DISRUPTION	3.2912	0.985	15.6097	160.468	98.9585	252.5457	0.0494	6.533	7	1049	91	9	1073	73
particle_2:1/particle_2:1.out:DISRUPTION	3.2716	0.98522	40.5949	324.6914	24.2697	273.104	0.0484	6.4949	6	206	nan	9	301	nan
particle_2:1/particle_2:1.out:DISRUPTION	3.3048	0.99013	30.5017	350.1099	28.1287	237.0468	0.0326	6.577	5	149	nan	7	151	nan
particle_2:1/particle_2:1.out:DISRUPTION	3.2524	0.98357	14.7071	319.6188	280.1958	14.0653	0.0534	6.4513	7	760	100	10	1128	84
particle_2:1/particle_2:1.out:DISRUPTION	3.1891	0.98608	48.5907	165.6303	19.6672	318.6383	0.0444	6.3339	6	261	38	8	501	23
particle_2:1/particle_2:1.out:DISRUPTION	2.9537	0.99219	12.6079	68.2011	312.0284	335.0255	0.0231	5.8842	4	77	nan	5	89	nan
particle_2:1/particle_2:1.out:DISRUPTION	3.2713	0.98513	18.4146	154.494	238.4909	22.5973	0.0487	6.4939	7	244	nan	9	1075	89
particle_3:1_agt2.5_igt6_hle14.4/particle_3:1_agt2.5_igt6_hle14.4.out:DISRUPTION	2.9705	0.98269	12.4069	275.2397	39.2766	198.5804	0.0514	5.8895	7	146	25	9	193	48
particle_3:1_agt2.5_igt6_hle14.4/particle_3:1_agt2.5_igt6_hle14.4.out:DISRUPTION	2.551	0.98842	12.014	41.9469	151.9512	160.8204	0.0295	5.0724	4	71	48	6	83	49
particle_3:1_agt2.5_igt6_hle14.4/particle_3:1_agt2.5_igt6_hle14.4.out:DISRUPTION	2.4711	0.97717	18.7414	289.3397	99.282	100.6358	0.0564	4.8858	7	1665	46	9	2236	148
particle_3:1_agt2.5_igt6_hle14.4/particle_3:1_agt2.5_igt6_hle14.4.out:DISRUPTION	2.4362	0.97736	18.8594	56.6326	6.2262	160.4204	0.0552	4.8172	8	31	24	8	7	nan
particle_3:1_agt2.5_igt6_hle14.4/particle_3:1_agt2.5_igt6_hle14.4.out:DISRUPTION	2.5343	0.97864	26.3101	293.8303	14.4231	22.4669	0.0541	5.0144	6	133	25	8	170	49
particle_3:1_agt2.5_igt6_hle14.4/particle_3:1_agt2.5_igt6_hle14.4.out:DISRUPTION	2.4926	0.98185	28.2477	166.3668	209.2741	107.2208	0.0452	4.94	5	836	63	7	1026	37
particle_3:1_agt2.5_igt6_hle14.4/particle_3:1_agt2.5_igt6_hle14.4.out:DISRUPTION	2.5052	0.98255	37.4291	8.7079	223.9092	202.6467	0.0437	4.9666	5	3025	179	8	5270	292
particle_3:1_agt2.5_igt6_hle14.4/particle_3:1_agt2.5_igt6_hle14.4.out:DISRUPTION	2.424	0.97886	8.2909	227.8424	117.0246	345.9898	0.0512	4.7967	6	515	25	8	540	25
particle_3:1_agt2.5_igt6_hle14.4/particle_3:1_agt2.5_igt6_hle14.4.out:DISRUPTION	2.4797	0.97782	26.8989	119.0115	312.7834	355.6946	0.055	4.9045	7	1621	47	8	1941	121
particle_3:1_agt2.5_igt6_hle14.4/particle_3:1_agt2.5_igt6_hle14.4.out:DISRUPTION	2.4669	0.98043	16.5482	25.0386	40.7602	248.0506	0.0483	4.8855	6	850	59	7	992	36
particle_3:1_agt2.5_igt6_hle14.4/particle_3:1_agt2.5_igt6_hle14.4.out:DISRUPTION	2.4649	0.98099	14.7533	67.3547	58.9974	198.1128	0.0469	4.8829	5	1030	48	7	1101	18
particle_3:1_agt2.5_igt6_hle14.4/particle_3:1_agt2.5_igt6_hle14.4.out:DISRUPTION	2.483	0.97981	10.0742	223.4694	301.2903	239.3428	0.0501	4.9159	6	675	36	8	675	29
particle_3:1_agt2.5_igt6_hle14.4/particle_3:1_agt2.5_igt6_hle14.4.out:DISRUPTION	2.4843	0.98694	56.9118	24.7531	26.803	35.8783	0.0324	4.9362	nan	nan	nan	6	nan	nan
particle_3:1_agt2.5_igt6_hle14.4/particle_3:1_agt2.5_igt6_hle14.4.out:DISRUPTION	2.4241	0.97738	17.1061	0.9921	21.1207	119.3862	0.0548	4.7934	6	113	13	8	350	26
particle_3:1_agt2.5_igt6_hle14.4/particle_3:1_agt2.5_igt6_hle14.4.out:DISRUPTION	2.479	0.98172	26.3786	231.1826	237.4078	180.8026	0.0453	4.9126	6	2556	229	7	3011	330
particle_3:1_agt2.5_igt6_hle14.4/particle_3:1_agt2.5_igt6_hle14.4.out:DISRUPTION	2.0651	0.97289	14.392	174.6575	208.5092	217.1541	0.056	4.0743	6	251	nan	8	172	nan
particle_3:1_agt2.5_igt6_hle14.4/particle_3:1_agt2.5_igt6_hle14.4.out:DISRUPTION	2.5095	0.97706	41.0087	171.0825	17.4095	5.1673	0.0576	4.9614	7	201	36	9	1150	72
particle_3:1_agt2.5_igt6_hle14.4/particle_3:1_agt2.5_igt6_hle14.4.out:DISRUPTION	2.4405	0.97838	27.3022	33.9878	13.8347	340.3685	0.0528	4.8282	6	130	31	8	529	60
particle_3:1_agt2.5_igt6_hle14.4/particle_3:1_agt2.5_igt6_hle14.4.out:DISRUPTION	2.4962	0.97828	55.4505	56.0506	24.5041	264.2629	0.0542	4.9382	6	364	7	nan	nan	7
particle_3:1_agt2.5_igt6_hle14.4/particle_3:1_agt2.5_igt6_hle14.4.out:DISRUPTION	2.6276	0.98308	13.0198	233.2927	163.83	55.2539	0.0445	5.2108	5	42	nan	7	42	nan
particle_3:1_agt2.5_igt6_hle14.4/particle_3:1_agt2.5_igt6_hle14.4.out:DISRUPTION	2.5406	0.97985	20.7536	225.375	37.7264	210.2756	0.0512	5.03	6	966	54	8	1083	49
particle_3:1_agt2.5_igt6_hle14.4/particle_3:1_agt2.5_igt6_hle14.4.out:DISRUPTION	2.4532	0.97788	14.6017	142.1721	55.5026	346.1632	0.0543	4.8521	6	902	51	8	937	36
particle_3:1_agt2.5_igt6_hle14.4/particle_3:1_agt2.5_igt6_hle14.4.out:DISRUPTION	2.4958	0.98021	30.5349	109.7876	251.7239	336.7327	0.0494	4.9421	7	3166	507	7	4265	291
particle_3:1_agt2.5_igt6_hle14.4/particle_3:1_agt2.5_igt6_hle14.4.out:DISRUPTION	2.4953	0.97784	39.9065	269.6568	191.65	66.6338	0.0553	4.9352	6	139	29	8	151	24
particle_3:1_agt2.5_igt6_hle14.4/particle_3:1_agt2.5_igt6_hle14.4.out:DISRUPTION	2.4862	0.97758	21.1892	140.9793	56.266	303.7074	0.0557	4.9167	6	1696	45	9	1791	24
particle_3:1_agt2.5_igt6_hle14.4/particle_3:1_agt2.5_igt6_hle14.4.out:DISRUPTION	2.4812	0.9773	25.0421	195.5872	27.9008	338.3393	0.0563	4.9061	7	902	72	8	998	37
particle_3:1_agt2.5_igt6_hle14.4/particle_3:1_agt2.5_igt6_hle14.4.out:DISRUPTION	2.515	0.97849	14.1757	203.6452	71.4084	331.7929	0.0541	4.9758	7	1153	36	8	1248	13
particle_3:1_agt2.5_igt6_hle14.4/particle_3:1_agt2.5_igt6_hle14.4.out:DISRUPTION	2.4675	0.9779	16.6249	356.4886	312.5731	357.2543	0.0545	4.8804	7	834	13	8	859	13
particle_3:1_agt2.5_igt6_hle14.4/particle_3:1_agt2.5_igt6_hle14.4.out:DISRUPTION	2.4694	0.97848	28.2275	115.6628	204.8873	110.9862	0.0531	4.8856	6	860	49	9	1055	26
particle_3:1_agt2.5_igt6_hle14.4/particle_3:1_agt2.5_igt6_hle14.4.out:DISRUPTION	2.5105	0.9794	36.4479	212.0896	36.528	49.8229	0.0517	4.9694	6	2209	107	8	3219	321
particle_3:1_agt2.5_igt6_hle14.4/particle_3:1_agt2.5_igt6_hle14.4.out:DISRUPTION	2.5251	0.98093	26.2502	97.3459	36.5303	174.1209	0.0481	5.0021	5	1445	46	7	1553	26
particle_3:1_agt2.5_ile6_hle14.4/particle_3:1_agt2.5_ile6_hle14.4.out:DISRUPTION	2.3787	0.9804	12.1913	98.7451	33.8929	295.293	0.0466	4.7107	5	199	38	8	401	36
particle_3:1_agt2.5_ile6_hle14.4/particle_3:1_agt2.5_ile6_hle14.4.out:DISRUPTION	2.4631	0.9832	20.2018	227.4654	342.6607	247.0661	0.0414	4.8849	5	107	nan	6	71	nan
particle_3:1_agt2.5_ile6_hle14.4/particle_3:1_agt2.5_ile6_hle14.4.out:DISRUPTION	2.2866	0.97648	4.4974	191.1785	253.2466	292.6148	0.0538	4.5194	6	32	nan	8	32	13
particle_3:1_agt2.5_ile6_hle14.4/particle_3:1_agt2.5_ile6_hle14.4.out:DISRUPTION	2.0334	0.97158	24.3278	246.4426	5.5995	176.9262	0.0578	4.009	6	274	nan	8	191	nan
particle_3:1_agt2.5_ile6_hle14.4/particle_3:1_agt2.5_ile6_hle14.4.out:DISRUPTION	2.3226	0.97941	13.5887	33.1842	184.8322	256.3237	0.0478	4.5974	5	36	12	7	36	nan
particle_3:1_agt2.5_ile6_hle14.4/particle_3:1_agt2.5_ile6_hle14.4.out:DISRUPTION	2.498	0.97838	40.5734	63.4327	187.6474	123.6175	0.054	4.942	6	73	nan	9	85	nan
particle_3:1_alt2.5_hgt14.4/particle_3:1_alt2.5_hgt14.4.out:DISRUPTION	2.5407	0.98505	22.3978	140.2083	172.2021	2.9244	0.038	5.0433	5	39	nan	7	51	nan
particle_3:1_alt2.5_hgt14.4/particle_3:1_alt2.5_hgt14.4.out:DISRUPTION	2.3505	0.97628	4.7849	39.8717	318.8006	74.099	0.0558	4.6452	6	29	13	8	17	nan
particle_3:1_alt2.5_hgt14.4/particle_3:1_alt2.5_hgt14.4.out:DISRUPTION	2.4733	0.9771	29.456	221.7467	203.5307	48.7352	0.0566	4.89	7	839	60	7	980	46
particle_3:1_alt2.5_hgt14.4/particle_3:1_alt2.5_hgt14.4.out:DISRUPTION	2.5822	0.97852	28.7922	53.4491	161.3011	227.9354	0.0555	5.1089	7	155	nan	9	262	nan
particle_3:1_alt2.5_hgt14.4/particle_3:1_alt2.5_hgt14.4.out:DISRUPTION	2.5053	0.97883	13.8328	193.4412	24.2798	248.7462	0.053	4.9575	7	60	13	8	72	22
particle_3:1_alt2.5_hgt14.4/particle_3:1_alt2.5_hgt14.4.out:DISRUPTION	2.3382	0.97756	22.9176	61.9388	3.7875	168.5184	0.0525	4.624	7	8	nan	7	8	nan
particle_3:1_alt2.5_hgt14.4/particle_3:1_alt2.5_hgt14.4.out:DISRUPTION	1.3418	0.95724	12.4018	22.7527	48.8727	271.3467	0.0574	2.6262	5	9172	6075	7	9233	6071
particle_3:1_alt2.5_hgt14.4/particle_3:1_alt2.5_hgt14.4.out:DISRUPTION	2.4932	0.98328	74.7632	173.7457	23.66	226.579	0.0417	4.9448	nan	nan	nan	nan	nan	nan
particle_3:1_alt2.5_hgt14.4/particle_3:1_alt2.5_hgt14.4.out:DISRUPTION	2.4934	0.9774	38.2849	66.2213	188.77	233.8057	0.0564	4.9304	7	85	nan	10	97	5
particle_3:1_alt2.5_hgt14.4/particle_3:1_alt2.5_hgt14.4.out:DISRUPTION	2.4101	0.97975	10.5913	297.1978	316.6523	195.8398	0.0488	4.7713	5	325	25	7	393	25
particle_3:1_alt2.5_hgt14.4/particle_3:1_alt2.5_hgt14.4.out:DISRUPTION	2.4721	0.97729	9.7374	179.048	312.5637	96.2303	0.0561	4.888	7	508	13	10	484	13
particle_3:1_alt2.5_hgt14.4/particle_3:1_alt2.5_hgt14.4.out:DISRUPTION	2.4394	0.98583	35.157	10.6165	189.6129	39.4222	0.0346	4.8443	5	48	nan	6	48	nan
particle_3:1_alt2.5_hgt14.4/particle_3:1_alt2.5_hgt14.4.out:DISRUPTION	2.5928	0.97994	7.1137	244.8159	343.3287	321.1566	0.052	5.1336	6	36	nan	8	36	nan
particle_3:1_alt2.5_hgt14.4/particle_3:1_alt2.5_hgt14.4.out:DISRUPTION	2.5279	0.98757	24.0467	160.1446	194.5218	188.4379	0.0314	5.0245	5	29	13	5	41	25
particle_3:1_alt2.5_hgt14.4/particle_3:1_alt2.5_hgt14.4.out:DISRUPTION	2.4816	0.97927	19.6315	243.3719	1.1715	12.0752	0.0514	4.9117	6	37	nan	9	25	nan
particle_3:1_alt2.5_hgt14.4/particle_3:1_alt2.5_hgt14.4.out:DISRUPTION	2.989	0.98082	16.8295	273.7999	88.3637	116.1074	0.0573	5.9207	8	1179	74	11	1785	103
particle_3:1_alt2.5_hgt14.4/particle_3:1_alt2.5_hgt14.4.out:DISRUPTION	2.4605	0.97839	14.7258	237.6647	172.7604	189.0988	0.0532	4.8679	7	31	nan	8	31	nan
particle_3:1_alt2.5_hgt14.4/particle_3:1_alt2.5_hgt14.4.out:DISRUPTION	2.4778	0.97721	29.255	27.0733	13.6178	248.0469	0.0565	4.8992	6	161	37	9	554	49
particle_3:1_alt2.5_hgt14.4/particle_3:1_alt2.5_hgt14.4.out:DISRUPTION	2.4299	0.98346	10.5913	300.4291	17.8707	304.5571	0.0402	4.8196	5	51	15	7	39	12
particle_3:1_alt2.5_hgt14.4/particle_3:1_alt2.5_hgt14.4.out:DISRUPTION	2.432	0.97698	4.1903	150.9985	343.9208	190.8495	0.056	4.808	6	34	nan	9	45	nan
particle_3:1_alt2.5_hgt14.4/particle_3:1_alt2.5_hgt14.4.out:DISRUPTION	2.432	0.98004	7.0956	332.6143	29.4329	199.3989	0.0485	4.8154	5	41	nan	7	88	25
particle_3:1_alt2.5_hgt14.4/particle_3:1_alt2.5_hgt14.4.out:DISRUPTION	2.0595	0.97276	29.6349	230.9106	11.0669	135.5652	0.0561	4.0629	6	84	nan	8	84	24
particle_3:1_alt2.5_hgt14.4/particle_3:1_alt2.5_hgt14.4.out:DISRUPTION	2.4713	0.97978	11.7628	223.3544	193.2567	299.6276	0.05	4.8926	6	7	nan	8	7	nan
particle_3:1_alt2.5_hgt14.4/particle_3:1_alt2.5_hgt14.4.out:DISRUPTION	2.4981	0.98005	43.8644	178.6874	213.0609	191.4492	0.0498	4.9463	5	1591	132	8	6781	1721
particle_3:1_alt2.5_hgt14.4/particle_3:1_alt2.5_hgt14.4.out:DISRUPTION	2.4947	0.98222	38.165	131.3782	37.9509	109.7837	0.0443	4.9451	5	2379	60	8	4034	188
particle_3:1_alt2.5_hgt14.4/particle_3:1_alt2.5_hgt14.4.out:DISRUPTION	2.3555	0.97727	17.0279	264.8578	5.9499	54.008	0.0535	4.6574	9	2	nan	15	2	nan
particle_3:1_alt2.5_hgt14.4/particle_3:1_alt2.5_hgt14.4.out:DISRUPTION	2.1327	0.97336	12.0444	96.7439	346.6299	9.8684	0.0568	4.2086	6	162	nan	7	281	nan
particle_3:1_alt2.5_hgt14.4/particle_3:1_alt2.5_hgt14.4.out:DISRUPTION	2.4417	0.98072	1.6767	317.0656	79.2645	241.8374	0.0471	4.8363	6	30	13	7	30	13
particle_3:1_alt2.5_hgt14.4/particle_3:1_alt2.5_hgt14.4.out:DISRUPTION	2.4678	0.98017	25.5231	82.7239	17.0422	136.2869	0.0489	4.8867	6	151	24	8	602	48
particle_3:1_alt2.5_hgt14.4/particle_3:1_alt2.5_hgt14.4.out:DISRUPTION	2.5198	0.97893	30.3538	140.5015	15.4438	95.3121	0.0531	4.9866	6	105	37	8	177	13
particle_3:1_alt2.5_hgt14.4/particle_3:1_alt2.5_hgt14.4.out:DISRUPTION	2.4581	0.9822	16.9458	302.4289	111.7416	323.402	0.0437	4.8725	5	1051	72	7	1182	64
particle_3:1_alt2.5_hgt14.4/particle_3:1_alt2.5_hgt14.4.out:DISRUPTION	2.5783	0.97854	16.3638	229.5499	186.6321	290.733	0.0553	5.1014	7	31	25	7	7	nan
particle_3:1_alt2.5_hgt14.4/particle_3:1_alt2.5_hgt14.4.out:DISRUPTION	2.4487	0.97791	5.3467	165.8348	67.7067	25.1198	0.0541	4.8433	6	48	12	8	60	23
particle_3:1_alt2.5_hgt14.4/particle_3:1_alt2.5_hgt14.4.out:DISRUPTION	2.5035	0.98126	24.0169	276.5818	232.094	186.8855	0.0469	4.9601	5	2237	60	7	2608	288
particle_3:1_alt2.5_hgt14.4/particle_3:1_alt2.5_hgt14.4.out:DISRUPTION	2.5076	0.98409	7.0634	325.5769	316.8929	315.4169	0.0399	4.9752	5	50	25	6	74	35
particle_3:1_alt2.5_hgt14.4/particle_3:1_alt2.5_hgt14.4.out:DISRUPTION	2.4732	0.97729	30.8815	272.7084	135.9892	285.5276	0.0562	4.8902	6	1929	28	8	2298	271
particle_3:1_alt2.5_hgt14.4/particle_3:1_alt2.5_hgt14.4.out:DISRUPTION	2.4413	0.97907	9.4069	52.5292	258.6303	35.3753	0.0511	4.8315	6	573	25	8	608	24
particle_3:1_alt2.5_hgt14.4/particle_3:1_alt2.5_hgt14.4.out:DISRUPTION	2.4457	0.97983	15.5472	211.2375	210.8553	113.279	0.0493	4.8421	5	103	11	8	434	16
particle_3:1_alt2.5_hgt14.4/particle_3:1_alt2.5_hgt14.4.out:DISRUPTION	2.4829	0.97866	11.6807	341.4638	88.7706	67.5516	0.053	4.9127	6	933	38	8	1123	24
particle_3:1_alt2.5_hgt14.4/particle_3:1_alt2.5_hgt14.4.out:DISRUPTION	2.4735	0.97779	16.1456	7.5541	181.2849	359.7278	0.0549	4.8921	6	35	24	9	47	25
particle_3:1_alt2.5_hgt14.4/particle_3:1_alt2.5_hgt14.4.out:DISRUPTION	2.477	0.97976	17.9459	95.4646	48.1708	142.5567	0.0501	4.9038	6	1091	38	8	1232	25
particle_3:1_alt2.5_hgt14.4/particle_3:1_alt2.5_hgt14.4.out:DISRUPTION	2.494	0.97818	53.0946	232.5331	211.0752	80.514	0.0544	4.9336	7	618	nan	8	7827	105
particle_3:1_alt2.5_hgt14.4/particle_3:1_alt2.5_hgt14.4.out:DISRUPTION	2.4899	0.9806	9.9093	31.1699	217.7919	122.0239	0.0483	4.9314	6	120	49	8	274	48
particle_3:1_alt2.5_hgt14.4/particle_3:1_alt2.5_hgt14.4.out:DISRUPTION	2.4171	0.98331	31.7135	244.5054	177.3573	172.0747	0.0403	4.7939	5	7	nan	6	31	nan
particle_3:1_alt2.5_hgt14.4/particle_3:1_alt2.5_hgt14.4.out:DISRUPTION	2.5521	0.97786	25.1321	19.9584	2.6945	251.1221	0.0565	5.0477	7	41	nan	9	30	13
particle_3:1_alt2.5_hgt14.4/particle_3:1_alt2.5_hgt14.4.out:DISRUPTION	2.5167	0.97699	17.6154	197.0998	25.5532	81.2197	0.0579	4.9755	7	119	nan	9	262	49
particle_3:1_alt2.5_hgt14.4/particle_3:1_alt2.5_hgt14.4.out:DISRUPTION	2.4498	0.97958	10.8557	85.7275	210.015	347.7557	0.05	4.8497	5	62	12	7	122	34
particle_3:1_alt2.5_hgt14.4/particle_3:1_alt2.5_hgt14.4.out:DISRUPTION	2.4605	0.97647	15.2575	113.3295	97.9437	156.9445	0.0579	4.8631	7	1355	35	9	1389	36
particle_3:1_alt2.5_hgt14.4/particle_3:1_alt2.5_hgt14.4.out:DISRUPTION	2.5615	0.97938	13.6241	188.4201	47.8709	187.4084	0.0528	5.0701	6	167	25	9	511	72
particle_3:1_alt2.5_hgt14.4/particle_3:1_alt2.5_hgt14.4.out:DISRUPTION	2.4293	0.977	23.1494	165.547	349.4194	317.9205	0.0559	4.8027	6	117	nan	8	117	nan
particle_3:1_alt2.5_hgt14.4/particle_3:1_alt2.5_hgt14.4.out:DISRUPTION	2.3231	0.98007	7.5834	131.0344	257.51	155.2354	0.0463	4.5999	5	101	37	7	184	36
particle_3:1_alt2.5_hgt14.4/particle_3:1_alt2.5_hgt14.4.out:DISRUPTION	2.2961	0.97527	13.128	355.9322	201.6663	137.8559	0.0568	4.5355	7	36	nan	8	48	nan
particle_3:1_alt2.5_hgt14.4/particle_3:1_alt2.5_hgt14.4.out:DISRUPTION	2.5008	0.97794	8.4068	109.3063	41.802	277.0279	0.0552	4.9464	7	105	36	9	117	48
particle_3:1_alt2.5_hgt14.4/particle_3:1_alt2.5_hgt14.4.out:DISRUPTION	2.4809	0.98031	26.1532	50.7834	222.064	208.6105	0.0488	4.9129	5	1675	49	8	1983	14
particle_3:1_alt2.5_hgt14.4/particle_3:1_alt2.5_hgt14.4.out:DISRUPTION	2.3086	0.97525	9.495	340.8551	195.8174	15.432	0.0571	4.56	6	23	13	8	35	nan
particle_3:1_alt2.5_hgt14.4/particle_3:1_alt2.5_hgt14.4.out:DISRUPTION	2.3602	0.97545	12.8843	41.8358	140.4588	194.9834	0.0579	4.6625	7	355	37	9	415	25
particle_3:1_alt2.5_hgt14.4/particle_3:1_alt2.5_hgt14.4.out:DISRUPTION	2.4667	0.97723	15.4925	59.8072	273.8044	127.9137	0.0562	4.8772	7	1214	25	8	1358	24
particle_3:1_alt2.5_hgt14.4/particle_3:1_alt2.5_hgt14.4.out:DISRUPTION	2.5019	0.97685	69.019	218.1753	201.0243	214.9483	0.0579	4.9458	7	nan	25	nan	nan	6
particle_3:1_alt2.5_hgt14.4/particle_3:1_alt2.5_hgt14.4.out:DISRUPTION	2.4329	0.98347	7.7116	293.1093	331.1636	95.2266	0.0402	4.8257	5	39	nan	8	50	nan
particle_3:1_alt2.5_hgt14.4/particle_3:1_alt2.5_hgt14.4.out:DISRUPTION	2.5495	0.97755	19.0177	137.1127	209.9366	234.5932	0.0572	5.0418	7	589	38	8	633	28
particle_3:1_alt2.5_hgt14.4/particle_3:1_alt2.5_hgt14.4.out:DISRUPTION	2.491	0.97909	17.8386	264.549	191.2273	75.9282	0.0521	4.9299	6	32	12	8	36	16
particle_3:1_alt2.5_hgt14.4/particle_3:1_alt2.5_hgt14.4.out:DISRUPTION	2.4457	0.97747	11.4118	179.4572	147.6569	50.3799	0.0551	4.8364	6	398	20	8	431	24
particle_3:1_alt2.5_hgt14.4/particle_3:1_alt2.5_hgt14.4.out:DISRUPTION	2.5516	0.98508	16.9294	73.2223	158.1399	198.2132	0.0381	5.0651	5	72	25	6	72	25
particle_3:1_alt2.5_hgt14.4/particle_3:1_alt2.5_hgt14.4.out:DISRUPTION	2.6021	0.97984	12.1664	185.235	326.8475	279.599	0.0524	5.1518	6	224	24	10	331	25
particle_3:1_alt2.5_hgt14.4/particle_3:1_alt2.5_hgt14.4.out:DISRUPTION	2.5405	0.98258	5.7238	195.115	322.8644	96.4226	0.0442	5.0368	5	58	25	7	70	25
particle_3:1_alt2.5_hgt14.4/particle_3:1_alt2.5_hgt14.4.out:DISRUPTION	2.5972	0.98229	8.0772	9.9535	327.0193	156.1519	0.046	5.1484	5	28	24	7	16	12
particle_3:1_alt2.5_hgt14.4/particle_3:1_alt2.5_hgt14.4.out:DISRUPTION	3.0049	0.98798	39.4003	174.0252	172.7023	177.2595	0.0361	5.9737	5	88	nan	7	100	nan
particle_3:1_alt2.5_hgt14.4/particle_3:1_alt2.5_hgt14.4.out:DISRUPTION	2.4538	0.9789	4.1781	15.6079	55.979	244.0247	0.0518	4.8559	5	55	26	8	138	24
particle_3:1_alt2.5_hgt14.4/particle_3:1_alt2.5_hgt14.4.out:DISRUPTION	2.5209	0.9782	18.1382	112.3853	32.8843	322.3313	0.055	4.9869	7	627	48	8	604	37
particle_3:1_alt2.5_hgt14.4/particle_3:1_alt2.5_hgt14.4.out:DISRUPTION	2.4776	0.98308	18.5932	272.4431	246.1692	330.357	0.0419	4.9133	5	1707	64	7	1932	47
particle_3:1_alt2.5_hgt14.4/particle_3:1_alt2.5_hgt14.4.out:DISRUPTION	2.5351	0.97931	39.9288	73.3332	349.8506	322.5881	0.0525	5.0178	6	103	nan	9	138	nan
particle_3:1_alt2.5_hgt14.4/particle_3:1_alt2.5_hgt14.4.out:DISRUPTION	2.497	0.97982	18.48	40.0367	259.8564	47.337	0.0504	4.9436	6	1639	34	7	2020	121
particle_3:1_alt2.5_hgt14.4/particle_3:1_alt2.5_hgt14.4.out:DISRUPTION	0.9615	0.9414	39.1882	125.7575	241.4995	30.8047	0.0563	1.8667	4	4385	nan	6	4549	nan
particle_3:1_alt2.5_hgt14.4/particle_3:1_alt2.5_hgt14.4.out:DISRUPTION	2.2748	0.97514	8.4995	91.9631	164.7289	352.5609	0.0566	4.493	6	37	nan	8	37	nan
particle_3:1_alt2.5_hgt14.4/particle_3:1_alt2.5_hgt14.4.out:DISRUPTION	2.4404	0.97689	18.317	37.7108	159.8815	58.134	0.0564	4.8245	7	83	nan	9	59	nan
particle_3:1_alt2.5_hgt14.4/particle_3:1_alt2.5_hgt14.4.out:DISRUPTION	2.5532	0.97924	17.1481	225.3208	27.8323	335.2254	0.053	5.0534	6	97	nan	9	168	40
particle_3:1_alt2.5_hgt14.4/particle_3:1_alt2.5_hgt14.4.out:DISRUPTION	2.4812	0.97966	27.9179	141.2455	212.598	290.4939	0.0505	4.9119	6	1109	49	8	1379	42
particle_3:1_alt2.5_hgt14.4/particle_3:1_alt2.5_hgt14.4.out:DISRUPTION	2.4378	0.97638	8.2455	151.1192	149.6668	72.1164	0.0576	4.818	7	157	nan	8	63	nan
particle_3:1_alt2.5_hgt14.4/particle_3:1_alt2.5_hgt14.4.out:DISRUPTION	2.4266	0.97723	20.4154	169.4375	171.3924	212.7777	0.0553	4.798	6	73	nan	8	88	nan
particle_3:1_alt2.5_hgt14.4/particle_3:1_alt2.5_hgt14.4.out:DISRUPTION	2.4499	0.983	20.1839	248.53	213.2727	4.1716	0.0416	4.8582	5	875	51	7	982	49
particle_3:1_alt2.5_hgt14.4/particle_3:1_alt2.5_hgt14.4.out:DISRUPTION	2.4924	0.97737	11.0466	330.5162	74.1067	358.4635	0.0564	4.9284	7	802	47	9	1017	14
particle_3:1_alt2.5_hgt14.4/particle_3:1_alt2.5_hgt14.4.out:DISRUPTION	2.52175	0.97705	24.43079	-1	-1	-1	0.05788	4.98561	7	29	13	8	29	13
particle_3:1_alt2.5_hgt14.4/particle_3:1_alt2.5_hgt14.4.out:DISRUPTION	2.3536	0.9791	8.1377	242.779	209.249	140.7154	0.0492	4.6581	5	32	nan	7	32	nan
particle_3:1_alt2.5_hgt14.4/particle_3:1_alt2.5_hgt14.4.out:DISRUPTION	2.4416	0.98364	6.4061	29.227	223.666	198.2436	0.0399	4.8432	4	49	13	6	49	25
particle_3:1_alt2.5_hgt14.4/particle_3:1_alt2.5_hgt14.4.out:DISRUPTION	2.4845	0.97675	32.461	285.3772	185.9219	162.5405	0.0578	4.9112	6	45	nan	10	57	nan
particle_3:1_alt2.5_hgt14.4/particle_3:1_alt2.5_hgt14.4.out:DISRUPTION	2.4363	0.97705	14.6503	109.498	120.8682	164.1792	0.0559	4.8166	7	843	37	11	950	24
particle_3:1_alt2.5_hgt14.4/particle_3:1_alt2.5_hgt14.4.out:DISRUPTION	2.4588	0.97987	13.3477	190.1339	29.2305	188.6476	0.0495	4.8681	5	60	nan	8	96	5
particle_3:1_alt2.5_hgt14.4/particle_3:1_alt2.5_hgt14.4.out:DISRUPTION	2.4356	0.97726	15.6986	153.9355	355.1316	184.4365	0.0554	4.8158	6	46	nan	8	58	nan
particle_3:1_alt2.5_hgt14.4/particle_3:1_alt2.5_hgt14.4.out:DISRUPTION	2.5067	0.97916	53.3594	115.2973	6.994	281.3381	0.0522	4.9612	7	69	nan	9	81	nan
particle_3:1_alt2.5_hgt14.4/particle_3:1_alt2.5_hgt14.4.out:DISRUPTION	2.0515	0.97227	8.7681	51.58	86.0292	133.7773	0.0569	4.0461	6	141	37	8	176	60
particle_3:1_alt2.5_hgt14.4/particle_3:1_alt2.5_hgt14.4.out:DISRUPTION	2.5007	0.97698	11.022	206.8913	271.5138	349.5253	0.0576	4.9439	7	949	30	10	1041	23
particle_3:1_alt2.5_hgt14.4/particle_3:1_alt2.5_hgt14.4.out:DISRUPTION	2.4683	0.98191	23.4147	169.2651	23.7995	89.9646	0.0447	4.892	5	95	nan	7	190	2
particle_3:1_alt2.5_hgt14.4/particle_3:1_alt2.5_hgt14.4.out:DISRUPTION	2.2746	0.97486	27.6349	264.9584	11.3926	156.6793	0.0572	4.4919	6	50	25	8	38	8
particle_3:1_alt2.5_hgt14.4/particle_3:1_alt2.5_hgt14.4.out:DISRUPTION	2.4328	0.98058	15.9401	139.8336	158.7912	72.5994	0.0473	4.8184	6	217	nan	7	300	nan
particle_3:1_alt2.5_hgt14.4/particle_3:1_alt2.5_hgt14.4.out:DISRUPTION	2.5715	0.98145	12.0467	314.4712	326.774	317.4005	0.0477	5.0953	6	169	13	8	275	13
particle_3:1_alt2.5_hgt14.4/particle_3:1_alt2.5_hgt14.4.out:DISRUPTION	2.6019	0.97945	26.7698	232.9891	13.5054	24.1296	0.0535	5.1503	7	61	25	10	49	13
particle_3:1_alt2.5_hle14.4/particle_3:1_alt2.5_hle14.4.out:DISRUPTION	2.4422	0.98741	10.1228	139.2975	235.3194	114.5657	0.0307	4.8536	4	53	nan	6	65	nan
particle_3:1_alt2.5_hle14.4/particle_3:1_alt2.5_hle14.4.out:DISRUPTION	2.5666	0.98342	18.5413	316.1009	19.6596	274.0811	0.0426	5.0907	6	99	13	7	158	49
particle_3:1_alt2.5_hle14.4/particle_3:1_alt2.5_hle14.4.out:DISRUPTION	2.4418	0.98378	10.7881	78.4415	39.4795	266.3041	0.0396	4.8439	5	116	25	7	140	49
particle_3:1_alt2.5_hle14.4/particle_3:1_alt2.5_hle14.4.out:DISRUPTION	2.8218	0.9898	53.1961	118.9566	185.4501	289.0422	0.0288	5.6148	4	63	nan	6	65	nan
particle_3:1_alt2.5_hle14.4/particle_3:1_alt2.5_hle14.4.out:DISRUPTION	2.3987	0.97621	6.6225	140.2338	204.5407	238.3411	0.0571	4.7403	7	17	14	8	17	13
particle_3:1_alt2.5_hle14.4/particle_3:1_alt2.5_hle14.4.out:DISRUPTION	1.4191	0.95921	7.0377	99.7359	13.414	107.2683	0.0579	2.7803	5	7493	3218	7	7253	3059
particle_3:1_alt2.5_hle14.4/particle_3:1_alt2.5_hle14.4.out:DISRUPTION	2.5431	0.98483	20.3992	284.3833	18.6274	200.1267	0.0386	5.0477	5	74	14	6	86	13
particle_3:1_alt2.5_hle14.4/particle_3:1_alt2.5_hle14.4.out:DISRUPTION	2.4928	0.98481	18.1234	139.92	250.4398	309.7353	0.0379	4.9477	5	1077	72	6	1089	73
particle_3:1_alt2.5_hle14.4/particle_3:1_alt2.5_hle14.4.out:DISRUPTION	2.0117	0.97373	3.4345	225.9719	250.1256	39.6317	0.0528	3.9705	5	152	96	7	151	96
particle_3:1_alt2.5_hle14.4/particle_3:1_alt2.5_hle14.4.out:DISRUPTION	2.0118	0.97126	19.8206	304.7365	97.0867	258.8969	0.0578	3.9657	6	2097	152	7	8025	395
particle_3:1_alt2.5_hle14.4/particle_3:1_alt2.5_hle14.4.out:DISRUPTION	2.5678	0.97917	12.9628	287.8662	202.4711	64.0891	0.0535	5.082	6	92	23	8	117	36
particle_3:1_alt2.5_hle14.4/particle_3:1_alt2.5_hle14.4.out:DISRUPTION	2.4618	0.97848	20.2577	33.7666	15.9756	202.1192	0.053	4.8707	7	102	37	9	398	48
particle_3:1_alt2.5_hle14.4/particle_3:1_alt2.5_hle14.4.out:DISRUPTION	2.572	0.97918	3.6166	105.8072	128.3968	80.6384	0.0536	5.0904	6	30	18	9	60	48
particle_3:1_alt2.5_hle14.4/particle_3:1_alt2.5_hle14.4.out:DISRUPTION	2.4887	0.98349	47.9616	49.5457	29.0526	267.8281	0.0411	4.9363	5	1596	165	7	353	nan
particle_3:1_alt2.5_hle14.4/particle_3:1_alt2.5_hle14.4.out:DISRUPTION	2.5246	0.97882	11.1264	263.877	306.4577	241.6113	0.0535	4.9957	7	629	44	8	688	24
particle_3:1_alt2.5_hle14.4/particle_3:1_alt2.5_hle14.4.out:DISRUPTION	2.2422	0.97745	7.6809	73.7098	323.1477	311.8468	0.0506	4.4338	5	42	36	9	54	nan
particle_3:1_alt2.5_hle14.4/particle_3:1_alt2.5_hle14.4.out:DISRUPTION	1.5492	0.96332	11.6974	35.5736	30.7609	299.7774	0.0568	3.0415	5	9338	3596	7	9508	3577
particle_3:1_alt2.5_hle14.4/particle_3:1_alt2.5_hle14.4.out:DISRUPTION	2.369	0.97781	4.6631	169.7819	63.6617	153.6006	0.0526	4.6855	7	37	13	8	48	12
particle_3:1_alt2.5_hle14.4/particle_3:1_alt2.5_hle14.4.out:DISRUPTION	2.4463	0.98382	11.3265	61.2717	125.0819	351.3476	0.0396	4.853	5	130	60	7	403	34
particle_3:1_alt2.5_hle14.4/particle_3:1_alt2.5_hle14.4.out:DISRUPTION	2.4521	0.98215	25.77	292.9759	17.2529	298.8244	0.0438	4.8604	5	537	60	7	668	48
particle_3:1_alt2.5_hle14.4/particle_3:1_alt2.5_hle14.4.out:DISRUPTION	2.4541	0.98031	15.9365	346.0177	178.1703	326.0828	0.0483	4.8599	6	34	nan	8	46	nan
particle_3:1_alt2.5_hle14.4/particle_3:1_alt2.5_hle14.4.out:DISRUPTION	2.3834	0.97648	14.1581	200.2916	34.3188	345.249	0.0561	4.7107	7	155	48	9	464	37
particle_3:1_alt2.5_hle14.4/particle_3:1_alt2.5_hle14.4.out:DISRUPTION	2.5465	0.97852	26.2406	330.7342	196.6387	63.1695	0.0547	5.0383	6	177	24	9	616	83
particle_3:1_alt2.5_hle14.4/particle_3:1_alt2.5_hle14.4.out:DISRUPTION	2.448	0.9833	35.758	21.4595	191.0973	299.1219	0.0409	4.8551	5	72	13	6	60	nan
particle_4:1/particle_4:1.out:DISRUPTION	1.5658	0.96338	5.0449	189.651	219.4972	231.0756	0.0573	3.0742	6	7628	2992	8	7360	2280
particle_4:1/particle_4:1.out:DISRUPTION	1.7015	0.96611	7.2635	100.5382	153.3032	165.5728	0.0577	3.3454	6	8274	1385	8	8917	953
particle_4:1/particle_4:1.out:DISRUPTION	2.38	0.97801	4.801	133.9754	333.629	173.218	0.0523	4.7076	6	21	13	8	21	13
particle_4:1/particle_4:1.out:DISRUPTION	2.0592	0.97323	27.018	157.7021	192.0322	165.1199	0.0551	4.0633	5	232	86	9	279	142
particle_4:1/particle_4:1.out:DISRUPTION	2.1878	0.9743	3.986	322.5584	1.3498	107.9932	0.0562	4.3195	6	348	333	8	99	81
particle_4:1/particle_4:1.out:DISRUPTION	2.0448	0.97403	5.1826	284.8381	219.9373	88.4029	0.0531	4.0366	6	70	37	7	82	13
particle_4:1/particle_4:1.out:DISRUPTION	2.1836	0.97504	1.8085	300.9494	243.8572	244.8749	0.0545	4.3127	7	35	25	8	23	13
particle_4:1/particle_4:1.out:DISRUPTION	2.1155	0.97488	22.1488	310.1828	194.3951	221.4539	0.0531	4.1778	6	58	25	7	34	13
particle_4:1/particle_4:1.out:DISRUPTION	2.0483	0.97183	9.3475	149.4968	148.4111	345.9453	0.0577	4.039	5	205	94	7	2210	14
particle_4:1/particle_4:1.out:DISRUPTION	2.4981	0.97934	48.9258	155.547	26.5904	92.0522	0.0516	4.9446	6	1707	74	8	2016	61
particle_4:1/particle_4:1.out:DISRUPTION	2.0179	0.97152	9.3463	155.964	41.8035	126.2451	0.0575	3.9783	6	130	nan	7	130	nan
particle_4:1/particle_4:1.out:DISRUPTION	2.1201	0.97341	0.5521	228.7248	199.5073	319.8845	0.0564	4.1839	5	1720	1336	8	3941	2877
particle_4:1/particle_4:1.out:DISRUPTION	2.5062	0.97735	5.8464	81.7154	209.6284	55.3076	0.0568	4.9557	6	27	13	9	27	nan
particle_4:1/particle_4:1.out:DISRUPTION	2.2287	0.97442	12.0861	26.2551	166.3204	214.7518	0.057	4.4004	6	47	nan	8	47	nan
particle_5:2/particle_5:2.out:DISRUPTION	3.215	0.9864	32.7564	2.5733	162.7415	31.2846	0.0437	6.3864	6	237	nan	8	284	nan
particle_5:2/particle_5:2.out:DISRUPTION	2.8112	0.9828	22.8452	189.9584	319.7876	198.162	0.0483	5.574	6	889	36	10	960	26
particle_5:2/particle_5:2.out:DISRUPTION	2.692	0.97853	6.8048	255.7092	87.6042	172.504	0.0578	5.3263	7	425	24	10	434	25
particle_5:2/particle_5:2.out:DISRUPTION	2.8331	0.97977	28.0924	306.7234	195.8575	231.2047	0.0573	5.6089	7	140	48	10	153	26
particle_5:2/particle_5:2.out:DISRUPTION	2.5156	0.97786	30.8272	142.043	31.7093	180.7996	0.0557	4.9755	7	1589	60	9	1609	32
particle_5:2/particle_5:2.out:DISRUPTION	2.5295	0.97741	11.1449	291.9087	102.7342	147.255	0.0572	5.0019	7	801	37	9	979	15
particle_5:2/particle_5:2.out:DISRUPTION	2.5444	0.98018	15.6537	0.2934	329.2415	237.3029	0.0504	5.0383	6	277	23	8	336	13
particle_5:2/particle_5:2.out:DISRUPTION	2.9502	0.9807	9.4297	26.2588	236.0195	74.9167	0.057	5.8434	7	227	77	10	393	48
particle_5:2/particle_5:2.out:DISRUPTION	3.0254	0.98492	18.3113	324.7842	51.4946	255.8003	0.0456	6.0052	7	326	47	9	243	nan
particle_5:2/particle_5:2.out:DISRUPTION	2.6724	0.97841	32.0707	108.0205	178.3337	350.789	0.0577	5.2871	7	27	nan	10	38	nan
particle_5:2/particle_5:2.out:DISRUPTION	2.5724	0.97848	12.547	58.0086	11.9317	211.4454	0.0554	5.0894	6	19	12	8	20	13
particle_5:2/particle_5:2.out:DISRUPTION	2.8225	0.98158	21.8179	136.1129	299.6109	69.7665	0.052	5.593	7	1310	78	10	1293	82
particle_7:2_agt2.5_hle14.4/particle_7:2_agt2.5_hle14.4.out:DISRUPTION	2.433	0.98047	19.6598	133.2952	204.8077	307.4578	0.0475	4.8185	5	425	48	7	491	37
particle_7:2_alt2.5_hgt14.4/particle_7:2_alt2.5_hgt14.4.out:DISRUPTION	2.514	0.97753	9.3793	110.209	130.6943	64.932	0.0565	4.9715	7	191	37	9	238	25
particle_7:2_alt2.5_hgt14.4/particle_7:2_alt2.5_hgt14.4.out:DISRUPTION	2.2065	0.97393	15.9073	2.6135	200.1145	258.3638	0.0575	4.3554	6	59	14	8	36	14
particle_7:2_alt2.5_hgt14.4/particle_7:2_alt2.5_hgt14.4.out:DISRUPTION	2.2238	0.97469	15.544	30.2231	196.409	152.0714	0.0563	4.3912	6	48	25	8	48	24
particle_7:2_alt2.5_hgt14.4/particle_7:2_alt2.5_hgt14.4.out:DISRUPTION	2.0643	0.97242	24.3391	151.2431	256.9779	0.3968	0.0569	4.0716	7	3183	163	8	9407	338
particle_7:2_alt2.5_hgt14.4/particle_7:2_alt2.5_hgt14.4.out:DISRUPTION	2.2703	0.97497	15.0242	54.8213	322.7382	304.0198	0.0568	4.4839	6	172	36	9	468	36
particle_7:2_alt2.5_hgt14.4/particle_7:2_alt2.5_hgt14.4.out:DISRUPTION	1.7886	0.9685	10.2164	263.8491	299.0528	208.0393	0.0563	3.5209	6	4607	128	8	6347	443
particle_7:2_alt2.5_hgt14.4/particle_7:2_alt2.5_hgt14.4.out:DISRUPTION	2.2123	0.97518	19.3698	231.2557	192.2332	242.6508	0.0549	4.3696	6	31	nan	7	20	2
particle_7:2_alt2.5_hgt14.4/particle_7:2_alt2.5_hgt14.4.out:DISRUPTION	2.0626	0.97387	16.88	100.4838	251.7382	290.8702	0.0539	4.0714	5	313	nan	7	553	169
particle_7:2_alt2.5_hgt14.4/particle_7:2_alt2.5_hgt14.4.out:DISRUPTION	2.0498	0.9718	5.1618	226.3106	69.2674	40.7857	0.0578	4.0418	6	170	97	8	336	73
particle_7:2_alt2.5_hgt14.4/particle_7:2_alt2.5_hgt14.4.out:DISRUPTION	2.3055	0.97964	19.8379	170.7721	25.9205	201.3638	0.0469	4.564	5	60	nan	8	142	13
particle_7:2_alt2.5_hgt14.4/particle_7:2_alt2.5_hgt14.4.out:DISRUPTION	2.2469	0.97634	12.1469	146.9435	229.906	254.848	0.0532	4.4407	6	95	nan	10	219	72
particle_7:2_alt2.5_hgt14.4/particle_7:2_alt2.5_hgt14.4.out:DISRUPTION	2.4461	0.98047	29.6855	155.1586	347.1754	59.2908	0.0478	4.8445	6	297	nan	7	330	nan
particle_7:2_alt2.5_hgt14.4/particle_7:2_alt2.5_hgt14.4.out:DISRUPTION	2.0372	0.9724	12.1697	262.2327	295.9503	107.3344	0.0562	4.0181	6	879	84	8	2871	48
particle_7:2_alt2.5_hgt14.4/particle_7:2_alt2.5_hgt14.4.out:DISRUPTION	2.5817	0.97817	16.9123	183.858	324.1009	121.2577	0.0564	5.1071	7	627	24	10	774	13
particle_7:2_alt2.5_hgt14.4/particle_7:2_alt2.5_hgt14.4.out:DISRUPTION	2.1393	0.97306	12.4745	60.9322	32.326	286.1708	0.0576	4.2211	6	80	nan	8	92	nan
particle_7:2_alt2.5_hgt14.4/particle_7:2_alt2.5_hgt14.4.out:DISRUPTION	2.4308	0.98385	12.0848	97.2134	135.7038	218.7927	0.0393	4.8223	5	96	42	6	179	47
particle_7:2_alt2.5_hgt14.4/particle_7:2_alt2.5_hgt14.4.out:DISRUPTION	2.3713	0.97785	14.8867	264.9222	217.272	54.5967	0.0525	4.6902	6	733	38	8	995	36
particle_7:2_alt2.5_hgt14.4/particle_7:2_alt2.5_hgt14.4.out:DISRUPTION	2.4426	0.98024	9.6542	206.5527	347.1477	111.7297	0.0483	4.837	5	36	nan	8	59	nan
particle_7:2_alt2.5_hgt14.4/particle_7:2_alt2.5_hgt14.4.out:DISRUPTION	2.42	0.98136	25.8927	232.6211	196.7036	349.6011	0.0451	4.7948	5	59	24	7	368	36
particle_7:2_alt2.5_hgt14.4/particle_7:2_alt2.5_hgt14.4.out:DISRUPTION	2.035	0.97495	15.8954	76.1131	13.3671	37.2585	0.051	4.0191	6	198	104	7	139	72
particle_7:2_alt2.5_hgt14.4/particle_7:2_alt2.5_hgt14.4.out:DISRUPTION	2.4566	0.97695	29.7765	58.0443	186.1922	224.6614	0.0566	4.8566	6	49	nan	9	61	nan
particle_7:2_alt2.5_hgt14.4/particle_7:2_alt2.5_hgt14.4.out:DISRUPTION	2.239	0.97414	14.7836	188.1062	222.3393	295.6947	0.0579	4.42	6	55	nan	9	209	61
particle_7:2_alt2.5_hgt14.4/particle_7:2_alt2.5_hgt14.4.out:DISRUPTION	2.2998	0.97525	5.5493	359.5389	294.1661	238.8663	0.0569	4.5426	7	122	36	10	300	25
particle_7:2_alt2.5_hgt14.4/particle_7:2_alt2.5_hgt14.4.out:DISRUPTION	2.2904	0.97896	11.9883	189.4709	17.9051	14.1595	0.0482	4.5327	5	24	13	7	36	25
particle_7:2_alt2.5_hgt14.4/particle_7:2_alt2.5_hgt14.4.out:DISRUPTION	2.402	0.97983	16.6358	10.5615	154.2404	38.1116	0.0485	4.7556	5	153	24	7	169	23
particle_7:2_alt2.5_hgt14.4/particle_7:2_alt2.5_hgt14.4.out:DISRUPTION	1.2802	0.95484	1.4058	211.7866	262.1469	142.5861	0.0578	2.5027	5	6777	1591	7	6617	1902
particle_7:2_alt2.5_hgt14.4/particle_7:2_alt2.5_hgt14.4.out:DISRUPTION	2.0946	0.97472	21.5229	96.9801	192.1646	48.5502	0.0529	4.1363	6	74	37	7	74	49
particle_7:2_alt2.5_hgt14.4/particle_7:2_alt2.5_hgt14.4.out:DISRUPTION	2.4385	0.97843	10.9591	123.1771	16.8962	182.631	0.0526	4.8243	5	45	24	9	34	13
particle_7:2_alt2.5_hgt14.4/particle_7:2_alt2.5_hgt14.4.out:DISRUPTION	2.4761	0.98301	38.9128	158.5874	47.9754	203.8244	0.0421	4.91	5	3236	289	7	6937	239
particle_7:2_alt2.5_hgt14.4/particle_7:2_alt2.5_hgt14.4.out:DISRUPTION	2.2297	0.97522	9.9974	138.729	132.8004	50.6463	0.0553	4.4041	5	157	37	7	168	36
particle_7:2_alt2.5_hgt14.4/particle_7:2_alt2.5_hgt14.4.out:DISRUPTION	2.0367	0.97444	9.0623	73.0648	191.8355	69.0226	0.0521	4.0214	5	156	123	6	73	60
particle_7:2_alt2.5_hgt14.4/particle_7:2_alt2.5_hgt14.4.out:DISRUPTION	2.4318	0.98717	7.9911	21.9446	197.8412	157.8633	0.0312	4.8323	4	36	13	6	36	13
particle_7:2_alt2.5_hle14.4/particle_7:2_alt2.5_hle14.4.out:DISRUPTION	2.5583	0.98231	19.1765	196.6648	206.4752	167.1953	0.0452	5.0714	6	78	nan	7	42	nan
particle_7:2_alt2.5_hle14.4/particle_7:2_alt2.5_hle14.4.out:DISRUPTION	2.0926	0.97259	8.1934	114.0111	208.8299	174.6213	0.0574	4.1279	6	252	152	8	336	131
particle_7:2_alt2.5_hle14.4/particle_7:2_alt2.5_hle14.4.out:DISRUPTION	2.5016	0.97766	24.3998	54.7182	12.0562	310.7381	0.0559	4.9473	7	80	25	8	280	59
particle_7:2_alt2.5_hle14.4/particle_7:2_alt2.5_hle14.4.out:DISRUPTION	2.4407	0.9794	6.572	28.7778	132.4537	73.529	0.0503	4.8311	6	58	34	8	58	26
particle_7:2_alt2.5_hle14.4/particle_7:2_alt2.5_hle14.4.out:DISRUPTION	2.4495	0.97663	30.7915	107.8744	13.9863	162.2497	0.0573	4.8417	7	199	60	10	555	62
particle_7:2_alt2.5_hle14.4/particle_7:2_alt2.5_hle14.4.out:DISRUPTION	2.4085	0.97721	12.3547	120.5462	320.6165	278.2059	0.0549	4.7621	6	388	25	8	472	16
particle_7:2_alt2.5_hle14.4/particle_7:2_alt2.5_hle14.4.out:DISRUPTION	2.2847	0.97499	21.6225	183.1481	8.1665	236.5324	0.0571	4.5122	6	24	nan	8	35	nan
particle_7:2_alt2.5_hle14.4/particle_7:2_alt2.5_hle14.4.out:DISRUPTION	2.4023	0.97896	12.3171	127.5362	42.7954	287.7299	0.0506	4.754	6	106	nan	8	201	48
particle_7:2_alt2.5_hle14.4/particle_7:2_alt2.5_hle14.4.out:DISRUPTION	2.05374	0.97233	15.81699	-1	-1	-1	0.05682	4.05066	5	635	202	9	6936	2120
particle_7:2_alt2.5_hle14.4/particle_7:2_alt2.5_hle14.4.out:DISRUPTION	2.4861	0.97765	26.4183	83.1911	8.3132	106.1183	0.0556	4.9167	6	44	nan	10	56	13
particle_7:3/particle_7:3.out:DISRUPTION	2.4353	0.98098	12.4594	190.116	234.2542	297.5618	0.0463	4.8243	6	529	56	7	648	25
particle_7:3/particle_7:3.out:DISRUPTION	2.6707	0.97851	7.2335	109.8484	85.5239	61.0426	0.0574	5.284	7	106	36	9	75	5
particle_8:3_hle14.4/particle_8:3_hle14.4.out:DISRUPTION	2.483	0.98034	36.2844	140.6357	214.8571	170.6575	0.0488	4.9173	6	1630	83	8	2603	79
particle_8:3_hle14.4/particle_8:3_hle14.4.out:DISRUPTION	2.4801	0.97706	27.5133	72.4421	40.2556	134.1523	0.0569	4.9033	7	1800	71	9	2417	147
particle_8:3_hle14.4/particle_8:3_hle14.4.out:DISRUPTION	2.5209	0.97808	37.8715	45.3674	221.9225	333.7852	0.0553	4.9866	7	3188	454	9	5680	156
particle_8:3_hle14.4/particle_8:3_hle14.4.out:DISRUPTION	2.7925	0.98241	15.4156	196.9088	68.273	246.6935	0.0491	5.5359	6	679	101	9	963	76
particle_8:3_hle14.4/particle_8:3_hle14.4.out:DISRUPTION	2.4387	0.97855	33.9025	258.0981	189.6924	277.0437	0.0523	4.825	6	68	13	9	79	24
particle_8:3_hle14.4/particle_8:3_hle14.4.out:DISRUPTION	2.4264	0.97658	22.8604	119.0072	10.1596	354.7502	0.0568	4.796	6	45	nan	9	45	nan
particle_8:3_hle14.4/particle_8:3_hle14.4.out:DISRUPTION	2.4348	0.97687	26.5334	322.5032	5.7213	132.0393	0.0563	4.8133	7	40	nan	8	40	nan
particle_8:3_hle14.4/particle_8:3_hle14.4.out:DISRUPTION	2.6402	0.98102	21.2752	282.7762	162.5478	201.4295	0.0501	5.2302	5	174	nan	7	142	nan
particle_8:3_hle14.4/particle_8:3_hle14.4.out:DISRUPTION	2.455	0.98163	25.7166	65.6042	224.823	193.4874	0.0451	4.865	5	1699	38	7	1960	24
particle_8:3_hle14.4/particle_8:3_hle14.4.out:DISRUPTION	2.4937	0.97792	28.866	13.608	172.956	182.09	0.0551	4.9323	6	47	13	8	59	nan
particle_8:3_hle14.4/particle_8:3_hle14.4.out:DISRUPTION	2.49	0.97791	21.2999	31.0081	295.8422	66.69	0.055	4.925	7	1555	25	8	1986	15
particle_8:3_hle14.4/particle_8:3_hle14.4.out:DISRUPTION	2.496	0.97827	32.3456	217.9441	8.4566	150.8646	0.0542	4.9377	7	36	13	9	48	33
particle_8:3_hle14.4/particle_8:3_hle14.4.out:DISRUPTION	2.4259	0.97995	23.1776	173.0568	196.7327	71.1188	0.0486	4.8032	5	65	24	8	53	24
particle_8:3_hle14.4/particle_8:3_hle14.4.out:DISRUPTION	2.9485	0.98216	26.8053	26.2294	17.3887	164.2235	0.0526	5.8443	7	114	37	8	153	30
particle_8:3_hle14.4/particle_8:3_hle14.4.out:DISRUPTION	2.2391	0.97444	20.2673	98.1232	20.8897	297.0828	0.0572	4.421	7	57	25	8	68	24
particle_9:4/particle_9:4.out:DISRUPTION	2.7707	0.97997	22.4219	20.4786	124.1704	354.5507	0.0555	5.4859	6	1268	41	10	1342	42
particle_cybele/particle_cybele.out:DISRUPTION	2.6108	0.97957	171.2921	88.8025	15.6592	294.4492	0.0533	5.1682	6	44	36	8	21	14
particle_hungaria/particle_hungaria.out:DISRUPTION	2.0595	0.97487	12.8309	64.3518	256.0797	313.3752	0.0518	4.0672	5	243	3	7	3126	89
particle_hungaria/particle_hungaria.out:DISRUPTION	2.4598	0.9776	6.3235	285.6919	247.4355	334.995	0.0551	4.8645	6	368	37	8	391	29
particle_hungaria/particle_hungaria.out:DISRUPTION	1.2761	0.95462	20.2946	130.3979	28.1457	16.4172	0.0579	2.4944	5	6705	nan	6	6848	nan
particle_hungaria/particle_hungaria.out:DISRUPTION	1.7869	0.96829	14.7692	342.1905	253.0002	24.9375	0.0567	3.517	5	5091	212	7	5705	176
particle_hungaria/particle_hungaria.out:DISRUPTION	2.0658	0.97339	8.508	190.7046	69.9569	278.6153	0.055	4.0766	6	97	10	8	98	26
particle_hungaria/particle_hungaria.out:DISRUPTION	1.2621	0.95423	56.2327	205.4042	90.3999	158.1926	0.0578	2.4664	5	7949	nan	6	8724	nan
particle_hungaria/particle_hungaria.out:DISRUPTION	2.4072	0.97781	7.5885	56.0012	9.5099	286.566	0.0534	4.761	6	8	2	7	19	12
particle_hungaria/particle_hungaria.out:DISRUPTION	2.0475	0.97477	11.8537	117.9866	213.7556	52.674	0.0517	4.0434	6	171	nan	8	241	4
particle_hungaria/particle_hungaria.out:DISRUPTION	2.1578	0.97321	4.8165	75.1989	75.6672	332.9657	0.0578	4.2577	7	58	25	8	22	13
particle_hungaria/particle_hungaria.out:DISRUPTION	2.5186	0.97813	3.543	321.0907	214.2134	193.5218	0.0551	4.9822	7	35	25	8	35	25
particle_hungaria/particle_hungaria.out:DISRUPTION	2.0354	0.97355	8.1725	101.0981	117.8896	110.8071	0.0538	4.0169	6	95	36	8	98	51
particle_hungaria/particle_hungaria.out:DISRUPTION	2.0261	0.97152	5.2031	254.0524	324.3085	312.2792	0.0577	3.9944	6	119	58	8	155	36
particle_hungaria/particle_hungaria.out:DISRUPTION	2.4206	0.97875	7.7114	119.9482	291.8208	204.309	0.0514	4.7898	6	149	29	8	256	24
particle_hungaria/particle_hungaria.out:DISRUPTION	2.4382	0.97736	8.3819	214.1202	184.8989	78.2237	0.0552	4.8213	7	30	nan	8	83	54
particle_hungaria/particle_hungaria.out:DISRUPTION	1.2914	0.95543	16.9138	48.3966	203.1281	141.9473	0.0576	2.5252	5	7003	nan	6	7001	1133
particle_hungaria/particle_hungaria.out:DISRUPTION	2.4933	0.97802	28.9646	8.5365	196.3304	131.1464	0.0548	4.9318	6	143	48	8	286	60
particle_hungaria/particle_hungaria.out:DISRUPTION	2.1907	0.97744	15.095	80.6509	200.1901	5.4881	0.0494	4.3319	6	26	nan	7	38	nan
particle_hungaria/particle_hungaria.out:DISRUPTION	2.0893	0.97453	9.4274	266.6068	51.5238	95.2403	0.0532	4.1253	5	148	3	7	300	95
particle_hungaria/particle_hungaria.out:DISRUPTION	2.0558	0.97217	7.8184	316.0669	176.1179	277.1562	0.0572	4.0543	6	3297	1305	10	6340	3087
particle_hungaria/particle_hungaria.out:DISRUPTION	2.2194	0.97556	15.2314	184.4959	193.5089	215.7607	0.0542	4.3846	6	53	13	7	77	37
particle_hungaria/particle_hungaria.out:DISRUPTION	2.059	0.97303	13.5567	31.9557	205.5483	351.3153	0.0555	4.0625	6	96	nan	8	96	nan
particle_hungaria/particle_hungaria.out:DISRUPTION	2.2735	0.97882	14.665	243.0606	229.7409	77.7376	0.0482	4.4989	5	460	72	7	828	70
particle_hungaria/particle_hungaria.out:DISRUPTION	2.3362	0.97822	9.969	343.0213	193.0807	212.6882	0.0509	4.6214	5	12	2	8	23	13
particle_hungaria/particle_hungaria.out:DISRUPTION	2.4403	0.98183	18.0196	86.2074	22.726	74.7293	0.0443	4.8362	5	175	42	8	460	36
particle_hungaria/particle_hungaria.out:DISRUPTION	2.0646	0.97229	19.115	198.1053	198.7728	194.7706	0.0572	4.072	5	160	85	7	351	45
particle_hungaria/particle_hungaria.out:DISRUPTION	2.0794	0.97299	17.4463	23.4987	208.5335	296.4222	0.0562	4.1026	6	108	nan	8	107	nan
particle_hungaria/particle_hungaria.out:DISRUPTION	2.0463	0.97364	9.5262	89.106	197.1344	211.5721	0.0539	4.0387	5	121	119	8	216	84
particle_hungaria/particle_hungaria.out:DISRUPTION	2.1005	0.97421	4.4888	52.5933	42.2207	103.2414	0.0542	4.1468	6	103	48	8	139	56
particle_hungaria/particle_hungaria.out:DISRUPTION	2.0557	0.97341	6.6822	47.3656	227.5635	358.7542	0.0547	4.0568	6	97	44	7	79	7
particle_hungaria/particle_hungaria.out:DISRUPTION	2.0552	0.97759	30.0302	267.8865	52.3871	204.3546	0.0461	4.0643	5	1877	274	6	7633	186
particle_hungaria/particle_hungaria.out:DISRUPTION	2.4416	0.97702	12.6346	191.1119	141.356	30.462	0.0561	4.8272	6	564	24	9	633	24
particle_hungaria/particle_hungaria.out:DISRUPTION	2.0384	0.97687	17.5118	171.282	79.0939	69.6739	0.0472	4.0296	6	1157	146	7	358	41
particle_hungaria/particle_hungaria.out:DISRUPTION	2.098	0.9753	12.6562	7.4411	16.3834	249.8943	0.0518	4.1443	6	125	48	7	184	72
particle_hungaria/particle_hungaria.out:DISRUPTION	2.2387	0.97435	7.7542	101.0465	104.1171	61.0495	0.0574	4.4201	6	59	12	10	59	12
particle_hungaria/particle_hungaria.out:DISRUPTION	2.3408	0.97625	9.9342	79.412	346.776	164.981	0.0556	4.6261	6	8	nan	10	8	nan
particle_hungaria/particle_hungaria.out:DISRUPTION	2.0644	0.97255	39.5281	307.7615	254.4664	152.7126	0.0567	4.0721	7	nan	1010	8	nan	448
particle_hungaria/particle_hungaria.out:DISRUPTION	2.0566	0.9762	16.9683	106.6494	70.0717	201.4721	0.0489	4.0642	5	533	144	7	4247	95
particle_hungaria/particle_hungaria.out:DISRUPTION	1.6553	0.96539	41.8806	190.8438	84.7831	104.6406	0.0573	3.2532	5	nan	828	8	nan	348
particle_hungaria/particle_hungaria.out:DISRUPTION	2.0586	0.97408	32.4581	221.2182	33.2498	170.3059	0.0534	4.0639	6	370	nan	8	4546	179
particle_hungaria/particle_hungaria.out:DISRUPTION	2.4876	0.9795	31.0639	4.4817	229.126	135.2032	0.051	4.9243	5	2813	318	9	4404	212
particle_hungaria/particle_hungaria.out:DISRUPTION	2.0559	0.97285	24.9145	209.1905	18.9949	187.2819	0.0558	4.056	5	84	48	7	95	36
particle_hungaria/particle_hungaria.out:DISRUPTION	2.0372	0.97257	7.4782	242.7218	275.9821	288.5652	0.0559	4.0185	6	153	59	9	2136	48
particle_hungaria/particle_hungaria.out:DISRUPTION	2.2829	0.97524	11.6471	137.4809	25.5387	257.7486	0.0565	4.5093	6	22	nan	8	22	nan
particle_hungaria/particle_hungaria.out:DISRUPTION	2.0604	0.97693	25.9117	111.9654	231.0228	339.4101	0.0475	4.0733	5	535	nan	7	5925	146
particle_hungaria/particle_hungaria.out:DISRUPTION	1.3536	0.95725	10.9391	190.6862	282.7461	105.8154	0.0579	2.6494	5	nan	4469	7	nan	3866
particle_hungaria/particle_hungaria.out:DISRUPTION	1.7787	0.96985	38.1656	330.7556	221.1215	41.3007	0.0536	3.5037	6	4081	714	8	6526	303
particle_hungaria/particle_hungaria.out:DISRUPTION	2.0638	0.97302	23.3585	103.8853	200.3031	291.4355	0.0557	4.0719	6	169	59	7	241	14
particle_hungaria/particle_hungaria.out:DISRUPTION	2.0593	0.97254	25.5824	297.2653	285.624	63.8404	0.0565	4.0621	6	3166	119	8	nan	1619
particle_hungaria/particle_hungaria.out:DISRUPTION	1.3105	0.95638	12.0556	312.1219	217.1307	276.9893	0.0572	2.5638	5	7144	4044	6	7433	4270
particle_hungaria/particle_hungaria.out:DISRUPTION	1.7752	0.96929	12.4864	332.1876	43.5167	56.8006	0.0545	3.4958	5	8400	338	7	9795	133
particle_hungaria/particle_hungaria.out:DISRUPTION	2.0312	0.97426	7.4959	39.3562	60.1015	224.3103	0.0523	4.0101	6	151	41	7	151	60
particle_hungaria/particle_hungaria.out:DISRUPTION	1.7974	0.96858	24.5318	21.3816	44.356	331.4837	0.0565	3.5384	5	8284	411	8	nan	185
particle_hungaria/particle_hungaria.out:DISRUPTION	1.3253	0.95634	14.3332	311.866	221.0083	311.8857	0.0579	2.5928	5	8674	4604	7	8137	4822
particle_hungaria/particle_hungaria.out:DISRUPTION	2.0534	0.97792	37.4455	29.3246	22.5034	35.2521	0.0453	4.0614	5	173	nan	7	327	nan
particle_hungaria/particle_hungaria.out:DISRUPTION	2.5046	0.97992	22.7081	238.5216	259.4261	225.2415	0.0503	4.9588	6	2750	360	8	3349	212
particle_hungaria/particle_hungaria.out:DISRUPTION	1.5711	0.96357	25.515	4.7899	65.6802	110.353	0.0572	3.085	5	nan	520	7	nan	91
particle_hungaria/particle_hungaria.out:DISRUPTION	2.057	0.9798	29.4539	145.9207	224.1567	139.9197	0.0415	4.0725	4	254	nan	7	5321	220
particle_hungaria/particle_hungaria.out:DISRUPTION	2.4925	0.98338	33.8933	151.6102	46.622	8.0077	0.0414	4.9435	5	2526	79	8	3930	266
particle_hungaria/particle_hungaria.out:DISRUPTION	1.9989	0.97173	17.545	214.5616	263.9039	34.7065	0.0565	3.9413	6	1742	167	7	5847	107
particle_hungaria/particle_hungaria.out:DISRUPTION	2.083	0.97512	6.4968	330.6568	63.974	314.1178	0.0518	4.1142	6	113	25	7	255	131
particle_hungaria/particle_hungaria.out:DISRUPTION	2.5242	0.98183	12.38	294.7157	182.196	235.4785	0.0459	5.0026	5	33	nan	8	35	3
particle_hungaria/particle_hungaria.out:DISRUPTION	1.7666	0.96786	7.4268	14.9409	237.3439	256.9122	0.0568	3.4764	5	5803	301	8	7088	213
particle_hungaria/particle_hungaria.out:DISRUPTION	2.5118	0.98128	45.4047	227.5375	35.9901	287.9147	0.047	4.9765	6	2186	122	8	4132	530
particle_hungaria/particle_hungaria.out:DISRUPTION	2.069	0.97283	36.4689	337.713	39.7795	323.1608	0.0562	4.0819	6	2915	270	8	nan	143
particle_hungaria/particle_hungaria.out:DISRUPTION	2.273	0.97876	21.7064	185.8496	202.0459	348.962	0.0483	4.4976	6	90	13	8	95	13
particle_hungaria/particle_hungaria.out:DISRUPTION	2.6192	0.97839	19.9852	268.8223	290.4049	43.8626	0.0566	5.1818	7	2123	169	9	2882	222
particle_nu6inner_agt2.5_hle14.4/particle_nu6inner_agt2.5_hle14.4.out:DISRUPTION	2.7459	0.98149	14.5043	237.0786	304.1792	169.5697	0.0508	5.4409	6	842	37	9	973	28
particle_nu6inner_agt2.5_hle14.4/particle_nu6inner_agt2.5_hle14.4.out:DISRUPTION	2.0573	0.97282	18.2323	190.9342	201.469	160.4141	0.0559	4.0587	6	149	48	8	331	36
particle_nu6inner_alt2.5_igt4_hgt14.4/particle_nu6inner_alt2.5_igt4_hgt14.4.out:DISRUPTION	1.7655	0.96729	7.1803	69.8201	70.5112	327.8917	0.0577	3.4733	5	5653	327	7	6679	191
particle_nu6inner_alt2.5_igt4_hgt14.4/particle_nu6inner_alt2.5_igt4_hgt14.4.out:DISRUPTION	2.0745	0.97281	17.5272	271.3307	22.69	88.4973	0.0564	4.0926	7	169	33	8	240	nan
particle_nu6inner_alt2.5_igt4_hgt14.4/particle_nu6inner_alt2.5_igt4_hgt14.4.out:DISRUPTION	2.5181	0.97714	17.0455	74.7967	209.6591	330.9365	0.0576	4.9787	7	619	25	9	624	25
particle_nu6inner_alt2.5_igt4_hgt14.4/particle_nu6inner_alt2.5_igt4_hgt14.4.out:DISRUPTION	2.3005	0.97519	9.048	130.3459	191.0228	63.2535	0.0571	4.5439	7	16	nan	9	27	12
particle_nu6inner_alt2.5_igt4_hgt14.4/particle_nu6inner_alt2.5_igt4_hgt14.4.out:DISRUPTION	2.0761	0.97515	16.1762	49.891	8.4706	82.3991	0.0516	4.1006	6	185	83	7	292	95
particle_nu6inner_alt2.5_igt4_hgt14.4/particle_nu6inner_alt2.5_igt4_hgt14.4.out:DISRUPTION	2.0647	0.97321	47.6484	160.8897	34.9694	149.6344	0.0553	4.0742	6	2873	351	7	9384	137
particle_nu6inner_alt2.5_igt4_hgt14.4/particle_nu6inner_alt2.5_igt4_hgt14.4.out:DISRUPTION	2.3098	0.97981	6.0862	166.1407	75.4086	261.5746	0.0466	4.5729	5	49	nan	7	49	nan
particle_nu6inner_alt2.5_igt4_hgt14.4/particle_nu6inner_alt2.5_igt4_hgt14.4.out:DISRUPTION	2.06	0.97591	19.7088	314.431	196.1247	135.6497	0.0496	4.0703	5	70	44	7	46	36
particle_nu6inner_alt2.5_igt4_hgt14.4/particle_nu6inner_alt2.5_igt4_hgt14.4.out:DISRUPTION	2.0571	0.9727	12.1639	80.2742	128.3278	115.6918	0.0562	4.0581	6	166	95	7	202	78
particle_nu6inner_alt2.5_igt4_hgt14.4/particle_nu6inner_alt2.5_igt4_hgt14.4.out:DISRUPTION	2.047	0.97786	15.4568	350.8736	192.0674	210.9939	0.0453	4.0486	4	24	2	7	59	25
particle_nu6inner_alt2.5_igt4_hgt14.4/particle_nu6inner_alt2.5_igt4_hgt14.4.out:DISRUPTION	2.3932	0.97708	29.9136	151.7613	188.5978	130.8202	0.0549	4.7316	6	17	nan	8	40	nan
particle_nu6inner_alt2.5_igt4_hgt14.4/particle_nu6inner_alt2.5_igt4_hgt14.4.out:DISRUPTION	2.0736	0.97382	15.2394	107.3405	22.1379	344.2792	0.0543	4.0929	6	81	24	8	57	nan
particle_nu6inner_alt2.5_igt4_hgt14.4/particle_nu6inner_alt2.5_igt4_hgt14.4.out:DISRUPTION	2.2315	0.97762	6.7987	353.1411	89.9485	137.5517	0.0499	4.4132	5	67	12	8	79	24
particle_nu6inner_alt2.5_igt4_hgt14.4/particle_nu6inner_alt2.5_igt4_hgt14.4.out:DISRUPTION	2.469	0.98413	11.4683	225.0012	91.6091	93.8306	0.0392	4.8987	5	873	35	5	905	25
particle_nu6inner_alt2.5_igt4_hgt14.4/particle_nu6inner_alt2.5_igt4_hgt14.4.out:DISRUPTION	1.4898	0.96128	6.7298	39.2145	32.9464	29.4034	0.0577	2.9219	5	7942	2970	7	8276	2899
particle_nu6inner_alt2.5_igt4_hgt14.4/particle_nu6inner_alt2.5_igt4_hgt14.4.out:DISRUPTION	2.0785	0.97273	13.5935	94.2336	206.3885	227.7788	0.0567	4.1002	6	158	nan	9	240	24
particle_nu6inner_alt2.5_igt4_hgt14.4/particle_nu6inner_alt2.5_igt4_hgt14.4.out:DISRUPTION	2.3331	0.97808	17.7132	299.9409	189.2006	68.9723	0.0511	4.615	6	45	12	8	34	nan
particle_nu6inner_alt2.5_igt4_hgt14.4/particle_nu6inner_alt2.5_igt4_hgt14.4.out:DISRUPTION	2.0438	0.9767	7.7662	162.9392	264.2609	298.4482	0.0476	4.0399	5	138	24	8	340	85
particle_nu6inner_alt2.5_igt4_hgt14.4/particle_nu6inner_alt2.5_igt4_hgt14.4.out:DISRUPTION	2.0544	0.97239	5.725	190.519	72.5266	346.7718	0.0567	4.0521	5	85	25	8	73	33
particle_nu6inner_alt2.5_igt4_hgt14.4/particle_nu6inner_alt2.5_igt4_hgt14.4.out:DISRUPTION	2.3448	0.97533	8.9614	80.2741	24.5061	194.134	0.0578	4.6318	7	33	14	9	45	14
particle_nu6inner_alt2.5_igt4_hgt14.4/particle_nu6inner_alt2.5_igt4_hgt14.4.out:DISRUPTION	2.1451	0.97321	1.6227	259.0866	70.347	101.8135	0.0575	4.2328	6	166	132	9	206	93
particle_nu6inner_alt2.5_igt4_hgt14.4/particle_nu6inner_alt2.5_igt4_hgt14.4.out:DISRUPTION	2.1026	0.97302	6.6613	169.3892	276.1143	359.3371	0.0567	4.1485	5	91	12	8	138	36
particle_nu6inner_alt2.5_igt4_hgt14.4/particle_nu6inner_alt2.5_igt4_hgt14.4.out:DISRUPTION	2.0613	0.97294	12.3756	92.335	23.637	227.4268	0.0558	4.0668	6	92	nan	7	153	nan
particle_nu6inner_alt2.5_igt4_hgt14.4/particle_nu6inner_alt2.5_igt4_hgt14.4.out:DISRUPTION	1.2446	0.95359	8.8171	5.1987	44.6058	35.4077	0.0578	2.4314	5	7601	3781	6	7612	3937
particle_nu6inner_alt2.5_igt4_hgt14.4/particle_nu6inner_alt2.5_igt4_hgt14.4.out:DISRUPTION	2.4595	0.97881	7.4572	355.2036	46.317	307.8027	0.0521	4.8669	6	137	36	8	303	19
particle_nu6inner_alt2.5_igt4_hgt14.4/particle_nu6inner_alt2.5_igt4_hgt14.4.out:DISRUPTION	1.2795	0.95474	6.1723	321.4712	34.4667	321.428	0.0579	2.5011	5	6454	3746	6	6192	3467
particle_nu6inner_alt2.5_igt4_hgt14.4/particle_nu6inner_alt2.5_igt4_hgt14.4.out:DISRUPTION	2.0421	0.97541	15.4503	143.7656	334.5746	354.5983	0.0502	4.034	6	116	26	8	123	2
particle_nu6inner_alt2.5_igt4_hgt14.4/particle_nu6inner_alt2.5_igt4_hgt14.4.out:DISRUPTION	2.0329	0.97315	9.4832	189.7347	155.9279	331.2891	0.0546	4.0113	5	218	5	7	2163	5
particle_nu6inner_alt2.5_igt4_hgt14.4/particle_nu6inner_alt2.5_igt4_hgt14.4.out:DISRUPTION	2.4017	0.97946	5.9828	168.2182	283.9378	96.8967	0.0493	4.7541	6	176	25	8	259	25
particle_nu6inner_alt2.5_igt4_hgt14.4/particle_nu6inner_alt2.5_igt4_hgt14.4.out:DISRUPTION	2.0577	0.97243	25.0842	135.6897	184.2575	190.2694	0.0567	4.0587	6	586	15	9	5419	3643
particle_nu6inner_alt2.5_igt4_hgt14.4/particle_nu6inner_alt2.5_igt4_hgt14.4.out:DISRUPTION	2.4785	0.97793	12.8821	204.1529	43.4878	107.9539	0.0547	4.9023	6	191	60	8	523	35
particle_nu6inner_alt2.5_igt4_hgt14.4/particle_nu6inner_alt2.5_igt4_hgt14.4.out:DISRUPTION	2.5321	0.98418	7.5375	49.2031	311.2299	223.8134	0.0401	5.0242	5	53	25	8	18	nan
particle_nu6inner_alt2.5_igt4_hgt14.4/particle_nu6inner_alt2.5_igt4_hgt14.4.out:DISRUPTION	2.1299	0.97291	14.1132	160.1473	359.5447	220.9331	0.0577	4.2022	7	82	nan	9	94	nan
particle_nu6inner_alt2.5_igt4_hgt14.4/particle_nu6inner_alt2.5_igt4_hgt14.4.out:DISRUPTION	2.2702	0.97511	6.0319	316.3704	17.0162	356.6298	0.0565	4.4839	7	28	13	10	16	nan
particle_nu6inner_alt2.5_igt4_hgt14.4/particle_nu6inner_alt2.5_igt4_hgt14.4.out:DISRUPTION	2.4088	0.97733	8.7706	152.4043	104.9365	146.4318	0.0546	4.7629	6	418	37	9	423	25
particle_nu6inner_alt2.5_igt4_hgt14.4/particle_nu6inner_alt2.5_igt4_hgt14.4.out:DISRUPTION	2.2058	0.97409	2.6559	234.8145	110.1795	227.0374	0.0571	4.3546	6	64	48	9	76	48
particle_nu6inner_alt2.5_igt4_hgt14.4/particle_nu6inner_alt2.5_igt4_hgt14.4.out:DISRUPTION	2.0955	0.97289	6.7664	17.0391	206.8478	288.5544	0.0568	4.1341	7	60	nan	8	60	10
particle_nu6inner_alt2.5_igt4_hgt14.4/particle_nu6inner_alt2.5_igt4_hgt14.4.out:DISRUPTION	2.0265	0.97426	18.8245	169.8561	25.6598	156.0129	0.0522	4.0008	6	95	nan	8	119	nan
particle_nu6inner_alt2.5_igt4_hgt14.4/particle_nu6inner_alt2.5_igt4_hgt14.4.out:DISRUPTION	2.3069	0.9751	5.8794	270.7619	153.3681	54.3681	0.0574	4.5563	6	31	2	9	31	nan
particle_nu6inner_alt2.5_igt4_hgt14.4/particle_nu6inner_alt2.5_igt4_hgt14.4.out:DISRUPTION	2.2281	0.97419	7.7191	49.8238	126.0265	27.9286	0.0575	4.3987	7	23	nan	8	23	13
particle_nu6inner_alt2.5_igt4_hgt14.4/particle_nu6inner_alt2.5_igt4_hgt14.4.out:DISRUPTION	2.2136	0.97517	8.2806	237.9656	47.8127	67.4369	0.055	4.3722	7	38	nan	8	50	nan
particle_nu6inner_alt2.5_igt4_hgt14.4/particle_nu6inner_alt2.5_igt4_hgt14.4.out:DISRUPTION	2.3951	0.98082	8.3421	55.5557	221.1305	128.0854	0.0459	4.7443	5	121	48	7	291	24
particle_nu6inner_alt2.5_igt4_hgt14.4/particle_nu6inner_alt2.5_igt4_hgt14.4.out:DISRUPTION	2.5166	0.9784	44.6131	136.9752	209.8564	67.6444	0.0543	4.9788	6	1647	109	7	3920	614
particle_nu6inner_alt2.5_igt4_hgt14.4/particle_nu6inner_alt2.5_igt4_hgt14.4.out:DISRUPTION	2.115	0.97266	5.2937	291.8044	103.9532	32.0393	0.0578	4.1723	6	125	72	8	184	107
particle_nu6inner_alt2.5_igt4_hgt14.4/particle_nu6inner_alt2.5_igt4_hgt14.4.out:DISRUPTION	2.5116	0.97877	16.8069	96.2801	203.8079	261.4434	0.0533	4.9699	7	193	36	8	347	37
particle_nu6inner_alt2.5_igt4_hgt14.4/particle_nu6inner_alt2.5_igt4_hgt14.4.out:DISRUPTION	2.5247	0.97858	33.0383	298.313	26.0008	188.6241	0.0541	4.9954	7	1356	37	9	1771	22
particle_nu6inner_alt2.5_igt4_hgt14.4/particle_nu6inner_alt2.5_igt4_hgt14.4.out:DISRUPTION	2.4913	0.97891	25.7206	117.0618	34.5289	51.4412	0.0525	4.93	6	1304	48	8	1482	25
particle_nu6inner_alt2.5_igt4_hgt14.4/particle_nu6inner_alt2.5_igt4_hgt14.4.out:DISRUPTION	2.3868	0.97933	11.9281	18.5642	11.447	343.0744	0.0493	4.7242	6	42	25	8	42	25
particle_nu6inner_alt2.5_igt4_hgt14.4/particle_nu6inner_alt2.5_igt4_hgt14.4.out:DISRUPTION	2.4715	0.97697	12.3709	319.2867	183.8224	80.7854	0.0569	4.886	7	46	13	10	46	25
particle_nu6inner_alt2.5_igt4_hgt14.4/particle_nu6inner_alt2.5_igt4_hgt14.4.out:DISRUPTION	1.4164	0.9592	15.7444	253.703	254.5476	205.5665	0.0578	2.7751	5	nan	618	7	nan	536
particle_nu6inner_alt2.5_igt4_hgt14.4/particle_nu6inner_alt2.5_igt4_hgt14.4.out:DISRUPTION	1.5156	0.96317	21.2342	345.1275	223.0633	221.3479	0.0558	2.9755	5	9791	722	6	nan	263
particle_nu6inner_alt2.5_igt4_hgt14.4/particle_nu6inner_alt2.5_igt4_hgt14.4.out:DISRUPTION	2.0337	0.97267	13.6678	72.6897	13.4935	240.3405	0.0556	4.0118	6	257	95	8	316	107
particle_nu6inner_alt2.5_igt4_hgt14.4/particle_nu6inner_alt2.5_igt4_hgt14.4.out:DISRUPTION	2.2533	0.97486	18.9234	0.9562	4.5807	252.3004	0.0567	4.4499	5	41	nan	9	53	nan
particle_nu6inner_alt2.5_igt4_hgt14.4/particle_nu6inner_alt2.5_igt4_hgt14.4.out:DISRUPTION	1.7677	0.97058	8.7527	137.5978	218.8132	112.6371	0.052	3.4834	5	7939	2630	7	7959	2206
particle_nu6inner_alt2.5_igt4_hgt14.4/particle_nu6inner_alt2.5_igt4_hgt14.4.out:DISRUPTION	2.4358	0.97666	20.5224	82.8475	338.3879	274.4305	0.0569	4.8148	7	269	nan	8	352	nan
particle_nu6inner_alt2.5_igt4_hgt14.4/particle_nu6inner_alt2.5_igt4_hgt14.4.out:DISRUPTION	1.7777	0.96966	16.762	274.4712	74.222	10.9379	0.0539	3.5014	6	7981	282	7	nan	189
particle_nu6inner_alt2.5_igt4_hgt14.4/particle_nu6inner_alt2.5_igt4_hgt14.4.out:DISRUPTION	2.3145	0.97503	8.7558	135.0966	186.5621	6.8672	0.0578	4.5712	7	99	89	10	75	11
particle_nu6inner_alt2.5_igt4_hgt14.4/particle_nu6inner_alt2.5_igt4_hgt14.4.out:DISRUPTION	2.0466	0.97274	15.2138	56.0408	150.6185	120.9749	0.0558	4.0375	6	119	47	7	178	25
particle_nu6inner_alt2.5_igt4_hgt14.4/particle_nu6inner_alt2.5_igt4_hgt14.4.out:DISRUPTION	2.2633	0.97706	11.4359	185.5998	214.9875	245.514	0.0519	4.4747	6	54	nan	7	54	nan
particle_nu6inner_alt2.5_igt4_hgt14.4/particle_nu6inner_alt2.5_igt4_hgt14.4.out:DISRUPTION	2.4898	0.97835	29.4771	244.6853	192.7026	143.9892	0.0539	4.9256	6	103	36	10	459	48
particle_nu6inner_alt2.5_igt4_hgt14.4/particle_nu6inner_alt2.5_igt4_hgt14.4.out:DISRUPTION	2.0369	0.97379	5.3083	129.3006	234.1794	218.5509	0.0534	4.0205	5	349	158	8	3094	310
particle_nu6inner_alt2.5_igt4_hgt14.4/particle_nu6inner_alt2.5_igt4_hgt14.4.out:DISRUPTION	1.8072	0.9682	8.7922	136.3746	260.7379	165.5495	0.0575	3.5569	6	6860	290	7	7644	132
particle_nu6inner_alt2.5_igt4_hgt14.4/particle_nu6inner_alt2.5_igt4_hgt14.4.out:DISRUPTION	2.0084	0.97309	8.4056	131.8437	272.972	340.6247	0.0541	3.9627	6	422	208	7	3532	131
particle_nu6inner_alt2.5_igt4_hgt14.4/particle_nu6inner_alt2.5_igt4_hgt14.4.out:DISRUPTION	2.5807	0.98026	7.3246	209.446	66.4819	333.8381	0.0509	5.1105	7	306	37	8	180	60
particle_nu6inner_alt2.5_igt4_hgt14.4/particle_nu6inner_alt2.5_igt4_hgt14.4.out:DISRUPTION	2.4605	0.98356	12.4107	144.1486	281.9695	320.7244	0.0404	4.8805	5	162	56	6	138	37
particle_nu6inner_alt2.5_igt4_hle14.4/particle_nu6inner_alt2.5_igt4_hle14.4.out:DISRUPTION	2.344	0.98049	8.4185	201.3661	52.2562	83.0302	0.0457	4.6422	5	73	25	6	97	37
particle_nu6inner_alt2.5_igt4_hle14.4/particle_nu6inner_alt2.5_igt4_hle14.4.out:DISRUPTION	2.1095	0.97373	7.0414	29.8239	262.0341	305.4701	0.0554	4.1636	6	109	29	8	97	36
particle_nu6inner_alt2.5_igt4_hle14.4/particle_nu6inner_alt2.5_igt4_hle14.4.out:DISRUPTION	2.0598	0.97317	17.2205	221.0274	264.7056	80.378	0.0553	4.0644	6	1766	120	8	5823	87
particle_nu6inner_alt2.5_igt4_hle14.4/particle_nu6inner_alt2.5_igt4_hle14.4.out:DISRUPTION	2.3785	0.97886	6.2382	328.8908	10.7909	348.7377	0.0503	4.7067	5	16	nan	9	17	2
particle_nu6inner_alt2.5_igt4_hle14.4/particle_nu6inner_alt2.5_igt4_hle14.4.out:DISRUPTION	2.4879	0.97758	19.2773	40.6836	182.3516	157.7429	0.0558	4.92	7	25	4	10	48	22
particle_nu6inner_alt2.5_igt4_hle14.4/particle_nu6inner_alt2.5_igt4_hle14.4.out:DISRUPTION	2.0573	0.97378	25.8863	153.9564	199.0785	259.8305	0.0539	4.0606	5	159	71	8	197	36
particle_nu6inner_alt2.5_igt4_hle14.4/particle_nu6inner_alt2.5_igt4_hle14.4.out:DISRUPTION	2.1105	0.97301	18.6622	152.7728	21.8354	320.3861	0.057	4.164	7	85	37	8	118	37
particle_nu6inner_alt2.5_igt4_hle14.4/particle_nu6inner_alt2.5_igt4_hle14.4.out:DISRUPTION	2.4972	0.97755	21.5444	288.692	188.4937	9.3524	0.0561	4.9383	7	45	12	9	50	6
particle_nu6inner_alt2.5_igt4_hle14.4/particle_nu6inner_alt2.5_igt4_hle14.4.out:DISRUPTION	2.298	0.9757	6.5747	235.5859	221.3451	269.4953	0.0558	4.5401	6	33	nan	8	44	nan
particle_nu6inner_alt2.5_igt4_hle14.4/particle_nu6inner_alt2.5_igt4_hle14.4.out:DISRUPTION	2.3227	0.97508	16.7224	37.5199	4.2927	292.1274	0.0579	4.5875	7	42	13	8	30	nan
particle_nu6inner_alt2.5_igt4_hle14.4/particle_nu6inner_alt2.5_igt4_hle14.4.out:DISRUPTION	2.2091	0.97515	11.0638	143.0388	191.8109	184.2959	0.0549	4.3632	6	88	73	9	40	nan
particle_nu6inner_alt2.5_igt4_hle14.4/particle_nu6inner_alt2.5_igt4_hle14.4.out:DISRUPTION	2.3915	0.97705	10.7998	287.4047	192.0981	40.9058	0.0549	4.728	7	33	13	9	33	13
particle_nu6inner_alt2.5_igt4_hle14.4/particle_nu6inner_alt2.5_igt4_hle14.4.out:DISRUPTION	2.5624	0.98058	8.3411	25.7396	310.4586	275.6367	0.0498	5.0751	5	123	25	7	138	37
particle_nu6inner_alt2.5_igt4_hle14.4/particle_nu6inner_alt2.5_igt4_hle14.4.out:DISRUPTION	2.4419	0.98035	15.2763	258.967	206.7987	288.2036	0.048	4.8358	6	460	40	8	483	24
particle_nu6inner_alt2.5_igt4_hle14.4/particle_nu6inner_alt2.5_igt4_hle14.4.out:DISRUPTION	2.422	0.97615	14.6415	183.2634	172.3578	294.7195	0.0578	4.7862	7	41	nan	9	41	nan
particle_nu6inner_alt2.5_igt4_hle14.4/particle_nu6inner_alt2.5_igt4_hle14.4.out:DISRUPTION	2.4607	0.97647	14.2182	55.9639	313.8412	319.7495	0.0579	4.8636	6	480	25	9	563	27
particle_nu6inner_alt2.5_igt4_hle14.4/particle_nu6inner_alt2.5_igt4_hle14.4.out:DISRUPTION	2.248	0.97515	19.4969	186.6521	352.3371	305.6092	0.0559	4.4402	6	23	nan	8	34	nan
particle_nu6inner_alt2.5_ile4_hgt14.4/particle_nu6inner_alt2.5_ile4_hgt14.4.out:DISRUPTION	1.9894	0.97144	5.6462	133.222	280.0387	181.3436	0.0568	3.9221	7	3057	204	8	3899	108
particle_nu6inner_alt2.5_ile4_hgt14.4/particle_nu6inner_alt2.5_ile4_hgt14.4.out:DISRUPTION	2.1224	0.97376	4.4306	90.2291	243.7264	93.1801	0.0557	4.1891	6	194	123	7	243	82
particle_nu6inner_alt2.5_ile4_hgt14.4/particle_nu6inner_alt2.5_ile4_hgt14.4.out:DISRUPTION	1.4009	0.95986	16.4945	283.3681	238.7953	134.0175	0.0562	2.7456	5	nan	5587	7	nan	7605
particle_nu6inner_alt2.5_ile4_hgt14.4/particle_nu6inner_alt2.5_ile4_hgt14.4.out:DISRUPTION	2.435	0.97791	4.5386	214.2233	61.0039	271.0378	0.0538	4.8163	7	38	37	10	38	36
particle_nu6inner_alt2.5_ile4_hgt14.4/particle_nu6inner_alt2.5_ile4_hgt14.4.out:DISRUPTION	2.3956	0.97598	2.7995	306.1162	155.2515	4.3792	0.0575	4.7337	7	21	13	9	21	13
particle_nu6inner_alt2.5_ile4_hgt14.4/particle_nu6inner_alt2.5_ile4_hgt14.4.out:DISRUPTION	2.3799	0.9775	6.9223	74.9701	223.7868	124.0877	0.0535	4.7062	6	74	36	8	86	25
particle_nu6inner_alt2.5_ile4_hgt14.4/particle_nu6inner_alt2.5_ile4_hgt14.4.out:DISRUPTION	2.2495	0.97739	13.8818	100.7275	11.8328	183.8291	0.0509	4.4482	6	33	nan	8	21	nan
particle_nu6inner_alt2.5_ile4_hgt14.4/particle_nu6inner_alt2.5_ile4_hgt14.4.out:DISRUPTION	2.1988	0.97371	7.9459	256.5177	354.9739	238.7337	0.0578	4.3398	5	49	nan	8	37	nan
particle_nu6inner_alt2.5_ile4_hgt14.4/particle_nu6inner_alt2.5_ile4_hgt14.4.out:DISRUPTION	2.0571	0.973	15.7055	118.1195	200.133	215.5066	0.0555	4.0586	5	170	49	8	265	24
particle_nu6inner_alt2.5_ile4_hgt14.4/particle_nu6inner_alt2.5_ile4_hgt14.4.out:DISRUPTION	2.0797	0.97617	8.6988	109.4427	304.0158	172.7947	0.0496	4.1098	5	126	60	6	114	60
particle_nu6inner_alt2.5_ile4_hgt14.4/particle_nu6inner_alt2.5_ile4_hgt14.4.out:DISRUPTION	2.0873	0.97342	10.9538	128.6162	35.7054	354.9443	0.0555	4.1192	6	94	nan	7	94	nan
particle_nu6inner_alt2.5_ile4_hgt14.4/particle_nu6inner_alt2.5_ile4_hgt14.4.out:DISRUPTION	2.0669	0.97659	23.9522	46.9765	3.776	347.32	0.0484	4.0853	5	161	119	7	281	50
particle_nu6inner_alt2.5_ile4_hgt14.4/particle_nu6inner_alt2.5_ile4_hgt14.4.out:DISRUPTION	2.0628	0.97347	36.679	240.7859	190.6388	356.7922	0.0547	4.0709	6	162	13	8	186	25
particle_nu6inner_alt2.5_ile4_hgt14.4/particle_nu6inner_alt2.5_ile4_hgt14.4.out:DISRUPTION	2.3134	0.97776	13.714	106.6178	61.1754	243.957	0.0515	4.5753	5	853	60	7	984	39
particle_nu6inner_alt2.5_ile4_hgt14.4/particle_nu6inner_alt2.5_ile4_hgt14.4.out:DISRUPTION	2.2726	0.97521	14.5583	112.8206	191.2745	240.5739	0.0563	4.4889	6	15	nan	9	5	2
particle_nu6inner_alt2.5_ile4_hgt14.4/particle_nu6inner_alt2.5_ile4_hgt14.4.out:DISRUPTION	2.4358	0.98081	12.3472	63.8166	195.8537	220.27	0.0467	4.8249	5	49	32	8	73	36
particle_nu6inner_alt2.5_ile4_hgt14.4/particle_nu6inner_alt2.5_ile4_hgt14.4.out:DISRUPTION	2.3105	0.97548	7.4999	324.3404	1.2122	205.6415	0.0567	4.5643	7	16	nan	8	28	13
particle_nu6inner_alt2.5_ile4_hgt14.4/particle_nu6inner_alt2.5_ile4_hgt14.4.out:DISRUPTION	1.5951	0.96523	19.8688	28.4119	256.5852	168.8333	0.0555	3.1348	5	nan	343	7	nan	120
particle_nu6inner_alt2.5_ile4_hgt14.4/particle_nu6inner_alt2.5_ile4_hgt14.4.out:DISRUPTION	2.1009	0.97505	16.6565	314.2429	6.8465	247.4476	0.0524	4.1494	6	170	108	7	265	74
particle_nu6inner_alt2.5_ile4_hgt14.4/particle_nu6inner_alt2.5_ile4_hgt14.4.out:DISRUPTION	2.0198	0.9736	9.4291	9.5999	192.7315	104.2119	0.0533	3.9863	5	83	48	7	73	38
particle_nu6inner_alt2.5_ile4_hle14.4/particle_nu6inner_alt2.5_ile4_hle14.4.out:DISRUPTION	2.2602	0.97561	5.9708	105.1425	35.6574	23.242	0.0551	4.4653	6	34	13	9	34	nan
particle_nu6inner_alt2.5_ile4_hle14.4/particle_nu6inner_alt2.5_ile4_hle14.4.out:DISRUPTION	2.3075	0.97703	9.7292	34.156	183.0048	86.9181	0.053	4.5621	7	24	12	8	36	13
particle_nu6inner_alt2.5_ile4_hle14.4/particle_nu6inner_alt2.5_ile4_hle14.4.out:DISRUPTION	2.0591	0.97237	6.5109	313.5936	43.6304	95.3101	0.0569	4.0613	6	195	72	8	243	134
particle_nu6inner_alt2.5_ile4_hle14.4/particle_nu6inner_alt2.5_ile4_hle14.4.out:DISRUPTION	2.3291	0.97609	21.6548	137.3643	186.0305	4.5556	0.0557	4.6024	6	27	12	8	28	nan
particle_nu6inner_alt2.5_ile4_hle14.4/particle_nu6inner_alt2.5_ile4_hle14.4.out:DISRUPTION	1.6432	0.96545	18.9487	83.7892	79.5429	226.1913	0.0568	3.2297	5	9170	326	7	nan	139
particle_nu6outer_igt18_hle14.4/particle_nu6outer_igt18_hle14.4.out:DISRUPTION	2.4848	0.97707	26.43	65.0808	32.6478	345.7556	0.057	4.9126	6	1231	73	10	1681	36
particle_nu6outer_igt18_hle14.4/particle_nu6outer_igt18_hle14.4.out:DISRUPTION	2.4729	0.97791	16.9752	124.8377	30.6097	329.5043	0.0546	4.8912	5	188	48	9	461	50
particle_nu6outer_igt18_hle14.4/particle_nu6outer_igt18_hle14.4.out:DISRUPTION	2.8367	0.9812	15.2818	35.023	227.706	72.4321	0.0533	5.62	8	334	75	10	767	63
particle_nu6outer_igt18_hle14.4/particle_nu6outer_igt18_hle14.4.out:DISRUPTION	2.4844	0.97804	14.4203	48.1985	272.4243	343.6371	0.0546	4.9143	6	1024	25	8	1204	20
particle_nu6outer_igt18_hle14.4/particle_nu6outer_igt18_hle14.4.out:DISRUPTION	2.7051	0.97944	23.405	112.4733	248.0992	243.4661	0.0556	5.3546	7	2056	111	10	2282	392
particle_nu6outer_igt18_hle14.4/particle_nu6outer_igt18_hle14.4.out:DISRUPTION	2.4558	0.97677	21.1346	183.0262	219.7063	268.1664	0.0571	4.8546	7	938	60	8	1205	36
particle_nu6outer_igt18_hle14.4/particle_nu6outer_igt18_hle14.4.out:DISRUPTION	2.4951	0.98122	25.5267	75.1656	38.3597	50.21	0.0469	4.9434	6	1481	50	8	1729	13
particle_nu6outer_igt18_hle14.4/particle_nu6outer_igt18_hle14.4.out:DISRUPTION	2.8216	0.97953	21.0685	124.436	73.6839	358.7658	0.0578	5.5855	7	1637	84	11	1779	86
particle_nu6outer_igt18_hle14.4/particle_nu6outer_igt18_hle14.4.out:DISRUPTION	2.4805	0.98328	29.4841	132.8182	209.463	81.417	0.0415	4.9195	5	1047	46	7	1202	60
particle_nu6outer_igt18_hle14.4/particle_nu6outer_igt18_hle14.4.out:DISRUPTION	2.0504	0.97255	16.0903	195.8974	288.3539	152.4373	0.0563	4.0445	6	1248	123	8	4704	79
particle_nu6outer_igt18_hle14.4/particle_nu6outer_igt18_hle14.4.out:DISRUPTION	2.4774	0.97906	18.5714	209.5745	273.0857	55.3971	0.0519	4.903	6	1873	38	8	2230	200
particle_nu6outer_igt18_hle14.4/particle_nu6outer_igt18_hle14.4.out:DISRUPTION	2.052	0.98046	25.836	212.5258	223.7538	337.1611	0.0401	4.064	5	304	nan	6	4828	191
particle_nu6outer_igt18_hle14.4/particle_nu6outer_igt18_hle14.4.out:DISRUPTION	2.4858	0.98318	47.1961	201.7347	209.9734	277.6521	0.0418	4.9298	5	1307	153	7	1815	123
particle_nu6outer_igt18_hle14.4/particle_nu6outer_igt18_hle14.4.out:DISRUPTION	2.4278	0.97763	15.4126	26.1964	89.2408	197.5532	0.0543	4.8012	6	1366	36	9	1563	36
particle_nu6outer_igt18_hle14.4/particle_nu6outer_igt18_hle14.4.out:DISRUPTION	2.4598	0.97886	22.613	111.0586	240.5448	316.1678	0.052	4.8676	6	1571	60	9	2035	29
particle_nu6outer_igt18_hle14.4/particle_nu6outer_igt18_hle14.4.out:DISRUPTION	2.489	0.97856	19.4896	254.8361	125.3164	323.4217	0.0534	4.9246	6	1251	20	8	1595	21
particle_nu6outer_igt18_hle14.4/particle_nu6outer_igt18_hle14.4.out:DISRUPTION	2.4706	0.97697	18.7868	332.766	223.2253	285.2377	0.0569	4.8842	7	1448	37	9	1494	21
particle_nu6outer_ile18_hle14.4/particle_nu6outer_ile18_hle14.4.out:DISRUPTION	2.5474	0.98245	10.9087	218.6329	324.9793	135.0935	0.0447	5.0501	5	189	31	7	344	36
particle_nu6outer_ile18_hle14.4/particle_nu6outer_ile18_hle14.4.out:DISRUPTION	2.3147	0.97555	5.8542	119.4076	321.058	102.7972	0.0566	4.5728	6	20	13	8	32	13
particle_nu6outer_ile18_hle14.4/particle_nu6outer_ile18_hle14.4.out:DISRUPTION	2.4117	0.98151	9.9514	44.0245	46.8108	8.3539	0.0446	4.7789	5	483	25	7	530	25
particle_nu6outer_ile18_hle14.4/particle_nu6outer_ile18_hle14.4.out:DISRUPTION	2.3796	0.97774	11.7039	233.9116	31.9361	184.6104	0.053	4.7062	6	156	36	9	299	36
particle_nu6outer_ile18_hle14.4/particle_nu6outer_ile18_hle14.4.out:DISRUPTION	2.47	0.97802	27.6613	61.6388	10.6895	190.6244	0.0543	4.8858	6	103	37	8	377	38
particle_nu6outer_ile18_hle14.4/particle_nu6outer_ile18_hle14.4.out:DISRUPTION	2.4006	0.97866	27.2729	325.2484	6.8447	133.9614	0.0512	4.75	6	52	2	7	40	nan
particle_nu6outer_ile18_hle14.4/particle_nu6outer_ile18_hle14.4.out:DISRUPTION	2.4708	0.97853	34.7704	202.7919	194.3947	283.6396	0.053	4.8886	7	102	26	9	528	68
particle_nu6outer_ile18_hle14.4/particle_nu6outer_ile18_hle14.4.out:DISRUPTION	2.2482	0.97447	15.4354	23.3965	324.513	91.0637	0.0574	4.4391	6	88	42	9	100	37
particle_nu6outer_ile18_hle14.4/particle_nu6outer_ile18_hle14.4.out:DISRUPTION	2.5075	0.97749	25.1072	117.924	24.2083	153.6159	0.0564	4.9585	6	794	49	9	828	48
particle_nu6outer_ile18_hle14.4/particle_nu6outer_ile18_hle14.4.out:DISRUPTION	2.3297	0.97686	11.4921	17.3784	32.7417	229.981	0.0539	4.6055	6	114	37	8	197	37
particle_phocaea/particle_phocaea.out:DISRUPTION	2.9464	0.98075	33.1193	4.125	203.3793	261.0281	0.0567	5.8361	7	250	13	10	385	13
particle_phocaea/particle_phocaea.out:DISRUPTION	2.4969	0.98424	66.7929	212.5628	23.0594	73.5584	0.0393	4.9545	nan	nan	nan	7	nan	nan
particle_phocaea/particle_phocaea.out:DISRUPTION	2.3886	0.97622	15.974	315.3899	260.6191	253.4133	0.0568	4.7203	6	1543	71	9	2437	421
particle_phocaea/particle_phocaea.out:DISRUPTION	2.441	0.97636	13.0474	72.9953	60.3704	315.0726	0.0577	4.8243	6	876	36	9	1042	25
particle_phocaea/particle_phocaea.out:DISRUPTION	2.5032	0.98067	24.9542	11.1725	225.3354	109.2652	0.0484	4.9581	6	1899	96	8	2065	115
particle_phocaea/particle_phocaea.out:DISRUPTION	2.4793	0.97691	16.4923	342.1099	309.9861	339.4387	0.0573	4.9014	8	999	14	10	1118	12
particle_phocaea/particle_phocaea.out:DISRUPTION	1.8207	0.96817	16.0736	229.2537	104.1126	335.0174	0.0579	3.5834	5	6691	159	8	8413	178
particle_phocaea/particle_phocaea.out:DISRUPTION	2.5138	0.97702	26.3091	165.6154	50.7144	45.095	0.0578	4.9698	7	2183	72	9	2575	344
particle_phocaea/particle_phocaea.out:DISRUPTION	2.4465	0.97785	18.4477	346.0152	253.4218	276.0145	0.0542	4.8387	6	1950	63	8	2114	86
particle_phocaea/particle_phocaea.out:DISRUPTION	2.4632	0.98074	21.853	0.1933	296.7025	239.1932	0.0474	4.8789	5	1628	34	9	2233	311
particle_phocaea/particle_phocaea.out:DISRUPTION	2.4315	0.97975	12.6977	279.4855	236.5608	175.2797	0.0492	4.8137	5	948	48	7	1079	25
particle_phocaea/particle_phocaea.out:DISRUPTION	2.0555	0.97328	32.1614	185.3377	114.6128	332.0469	0.0549	4.0561	6	3443	132	9	nan	468
particle_phocaea/particle_phocaea.out:DISRUPTION	2.0439	0.97217	14.3646	166.2962	74.9788	292.6146	0.0569	4.0308	6	215	nan	8	3252	96
particle_phocaea/particle_phocaea.out:DISRUPTION	1.8143	0.96952	38.2681	114.971	75.1971	80.6688	0.0553	3.5733	5	6462	424	8	nan	729
particle_phocaea/particle_phocaea.out:DISRUPTION	2.7002	0.98113	10.7019	269.5128	286.0001	234.4751	0.051	5.3494	6	652	54	8	701	37
particle_phocaea/particle_phocaea.out:DISRUPTION	2.4889	0.98484	53.5427	52.51	206.6684	101.1442	0.0377	4.94	5	236	nan	7	231	nan
particle_phocaea/particle_phocaea.out:DISRUPTION	2.5022	0.97931	30.8295	270.3874	216.6118	201.4473	0.0518	4.9526	6	2066	41	9	3024	533
particle_phocaea/particle_phocaea.out:DISRUPTION	2.809	0.98224	21.4488	273.911	44.9411	244.9696	0.0499	5.5682	6	1060	75	8	1250	77
particle_phocaea/particle_phocaea.out:DISRUPTION	2.4689	0.98285	27.3718	36.7508	37.238	63.6447	0.0423	4.8954	6	1515	83	7	1668	71
particle_phocaea/particle_phocaea.out:DISRUPTION	1.6817	0.96646	20.2092	64.5177	257.7702	279.0998	0.0564	3.307	5	9973	344	8	nan	121
particle_phocaea/particle_phocaea.out:DISRUPTION	2.8061	0.98117	17.7318	82.6706	213.3809	142.9866	0.0529	5.5593	7	204	36	9	287	49
particle_phocaea/particle_phocaea.out:DISRUPTION	2.062	0.97754	28.1071	288.4788	224.4057	312.5085	0.0463	4.0776	5	1470	217	7	5877	152
particle_phocaea/particle_phocaea.out:DISRUPTION	2.4718	0.98236	23.9798	280.2851	53.2824	2.0228	0.0436	4.9	6	1783	49	8	2625	330
particle_phocaea/particle_phocaea.out:DISRUPTION	2.4918	0.97693	15.8589	159.8116	297.3525	9.9302	0.0575	4.9261	7	1195	23	8	1325	15
particle_phocaea/particle_phocaea.out:DISRUPTION	2.5185	0.9802	17.2118	337.6915	237.4129	172.7637	0.0499	4.9872	5	1353	73	8	1591	47
particle_phocaea/particle_phocaea.out:DISRUPTION	2.0417	0.97286	22.4244	131.2677	223.834	139.269	0.0554	4.028	6	683	125	8	4608	164
particle_phocaea/particle_phocaea.out:DISRUPTION	2.4853	0.97722	25.216	196.8102	220.7974	238.7593	0.0566	4.914	7	1246	84	8	1600	44
particle_phocaea/particle_phocaea.out:DISRUPTION	2.0615	0.97609	65.6326	14.9383	24.7785	265.4024	0.0493	4.0738	nan	nan	nan	nan	nan	nan
particle_phocaea/particle_phocaea.out:DISRUPTION	2.4513	0.97946	34.3193	36.7143	205.666	331.1831	0.0503	4.8523	6	1380	72	8	1923	30
particle_phocaea/particle_phocaea.out:DISRUPTION	2.5091	0.97791	22.5346	288.6066	48.0468	37.9128	0.0554	4.9628	7	1690	38	9	1997	25
particle_phocaea/particle_phocaea.out:DISRUPTION	1.7772	0.96754	18.7564	130.4364	299.9985	234.1642	0.0577	3.4966	6	6901	191	7	9437	646
particle_phocaea/particle_phocaea.out:DISRUPTION	2.2763	0.97454	19.7213	41.5529	268.7097	109.7684	0.0579	4.4947	6	1276	123	8	1829	66
particle_phocaea/particle_phocaea.out:DISRUPTION	2.0571	0.97928	43.0548	160.466	207.4641	40.2456	0.0426	4.0715	4	208	nan	7	278	nan
particle_phocaea/particle_phocaea.out:DISRUPTION	2.4548	0.97959	29.1002	58.8389	206.0588	340.0532	0.0501	4.8594	5	1164	48	9	1288	28
particle_phocaea/particle_phocaea.out:DISRUPTION	2.0532	0.97582	30.6617	68.3401	210.1665	348.9521	0.0496	4.0567	6	328	nan	7	370	nan
particle_phocaea/particle_phocaea.out:DISRUPTION	2.435	0.97972	8.4228	128.1144	263.2145	60.8985	0.0494	4.8207	5	245	48	8	423	24
particle_phocaea/particle_phocaea.out:DISRUPTION	2.4832	0.98258	37.1174	108.9695	217.9317	7.9668	0.0432	4.9231	5	1768	93	8	3078	426
particle_phocaea/particle_phocaea.out:DISRUPTION	2.0436	0.9741	19.9856	315.122	38.1869	182.8623	0.0529	4.0343	6	301	nan	7	318	nan
particle_phocaea/particle_phocaea.out:DISRUPTION	2.6979	0.97889	20.9409	277.6626	229.0481	212.056	0.057	5.3388	7	1644	60	10	2098	313
particle_phocaea/particle_phocaea.out:DISRUPTION	2.3978	0.97635	7.87	176.8924	160.7296	138.4007	0.0567	4.739	6	52	nan	8	52	nan
particle_phocaea/particle_phocaea.out:DISRUPTION	2.0538	0.97706	25.4404	142.7352	223.8067	91.8527	0.0471	4.0604	5	229	nan	7	364	nan
particle_phocaea/particle_phocaea.out:DISRUPTION	2.0636	0.97276	38.137	21.1384	217.4549	79.9021	0.0562	4.071	6	2358	294	8	8556	171
particle_phocaea/particle_phocaea.out:DISRUPTION	2.4998	0.97807	39.2504	111.8609	41.8354	279.7141	0.0548	4.9448	6	3118	377	9	5908	110
particle_phocaea/particle_phocaea.out:DISRUPTION	2.4361	0.97804	10.0959	268.1726	235.394	282.2932	0.0535	4.8188	6	675	36	8	734	36
particle_phocaea/particle_phocaea.out:DISRUPTION	2.0634	0.97358	43.5937	132.1153	46.2955	53.2519	0.0545	4.0722	5	3752	294	8	nan	2034
particle_phocaea/particle_phocaea.out:DISRUPTION	2.4757	0.98273	30.9496	38.5224	60.0391	184.5165	0.0428	4.9086	5	2922	216	7	3776	409
particle_phocaea/particle_phocaea.out:DISRUPTION	2.4793	0.98349	22.9869	188.8334	68.3091	331.4622	0.0409	4.9177	5	2197	86	7	2287	252
particle_phocaea/particle_phocaea.out:DISRUPTION	2.5022	0.97708	57.2403	1.6037	23.958	10.2092	0.0573	4.947	7	387	13	nan	nan	12
particle_phocaea/particle_phocaea.out:DISRUPTION	2.4706	0.98343	32.7898	242.877	26.566	287.9601	0.0409	4.9002	5	1129	60	7	1318	59
particle_phocaea/particle_phocaea.out:DISRUPTION	2.8285	0.98389	18.1653	198.1768	238.5998	263.9998	0.0456	5.6115	6	889	107	7	1031	73
particle_phocaea/particle_phocaea.out:DISRUPTION	2.4434	0.97634	12.8805	177.4988	86.1894	117.052	0.0578	4.8291	7	1058	24	9	1120	24
particle_phocaea/particle_phocaea.out:DISRUPTION	2.4781	0.98489	28.6747	73.1806	55.1928	77.8326	0.0374	4.9187	5	2418	84	5	2859	360
particle_phocaea/particle_phocaea.out:DISRUPTION	2.0631	0.97569	29.7094	112.5888	233.5872	219.7261	0.0501	4.076	5	1768	262	7	8281	142
particle_phocaea/particle_phocaea.out:DISRUPTION	2.4942	0.97915	69.5957	94.9294	200.9882	41.8352	0.052	4.9364	nan	nan	12	8	nan	7
particle_phocaea/particle_phocaea.out:DISRUPTION	1.7791	0.96842	21.5485	349.1086	99.4928	194.2467	0.0562	3.502	5	8824	264	7	nan	98
particle_phocaea/particle_phocaea.out:DISRUPTION	2.5051	0.97763	24.3714	131.9958	60.2339	90.8576	0.056	4.9542	7	2407	227	8	2589	302
particle_phocaea/particle_phocaea.out:DISRUPTION	2.0645	0.97453	28.6038	267.8605	226.7445	6.0756	0.0526	4.0763	5	1410	225	8	6688	191
particle_phocaea/particle_phocaea.out:DISRUPTION	2.4784	0.98301	26.6124	157.8706	235.116	308.1542	0.0421	4.9147	5	1730	67	6	1952	61
particle_phocaea/particle_phocaea.out:DISRUPTION	2.5034	0.98403	62.4933	289.6073	29.1964	282.3692	0.04	4.9669	5	nan	nan	nan	nan	nan
particle_phocaea/particle_phocaea.out:DISRUPTION	2.5082	0.98374	26.7788	31.6092	44.8522	320.6323	0.0408	4.9755	5	1669	71	6	1745	96
particle_phocaea/particle_phocaea.out:DISRUPTION	2.0644	0.97213	47.8811	197.391	197.4463	187.5569	0.0575	4.0712	nan	255	84	8	434	47
particle_phocaea/particle_phocaea.out:DISRUPTION	2.4383	0.9767	12.0754	316.9179	258.2495	250.8531	0.0568	4.8198	7	1175	41	9	1270	25
particle_phocaea/particle_phocaea.out:DISRUPTION	2.4847	0.97955	27.2483	163.9776	34.4641	291.497	0.0508	4.9186	6	1354	74	8	1507	48
particle_phocaea/particle_phocaea.out:DISRUPTION	2.045	0.97569	18.6288	255.729	81.3417	168.937	0.0497	4.0402	5	1403	189	7	6173	119
particle_phocaea/particle_phocaea.out:DISRUPTION	2.4905	0.97737	20.4217	190.295	301.7048	269.308	0.0564	4.9246	7	1778	25	10	2031	89
particle_phocaea/particle_phocaea.out:DISRUPTION	2.5047	0.9854	74.6706	346.7903	23.0869	185.9928	0.0366	4.9728	nan	nan	nan	nan	nan	nan
particle_phocaea/particle_phocaea.out:DISRUPTION	2.4978	0.97734	9.4724	357.8287	267.0299	358.5786	0.0566	4.9391	7	666	24	10	679	24
particle_phocaea/particle_phocaea.out:DISRUPTION	2.4762	0.97682	23.4314	65.5232	87.0642	206.8061	0.0574	4.895	7	2869	297	8	3112	292
particle_phocaea/particle_phocaea.out:DISRUPTION	2.0645	0.97208	13.4673	176.0058	77.0639	225.5527	0.0576	4.0714	7	357	122	8	3010	109
particle_phocaea/particle_phocaea.out:DISRUPTION	2.4823	0.97682	13.0298	290.8926	258.1077	118.8033	0.0575	4.907	7	1364	36	10	1445	14
particle_phocaea/particle_phocaea.out:DISRUPTION	2.0383	0.9759	30.0165	77.4792	216.0538	99.7712	0.0491	4.0274	5	324	nan	8	6359	108
particle_phocaea/particle_phocaea.out:DISRUPTION	2.5158	0.97872	29.9637	145.4921	217.8212	346.6023	0.0535	4.978	7	1500	62	9	1808	36
particle_phocaea/particle_phocaea.out:DISRUPTION	2.1326	0.9739	30.9071	312.0585	269.1211	122.463	0.0557	4.2096	6	5802	701	7	nan	426
particle_phocaea/particle_phocaea.out:DISRUPTION	2.0593	0.97672	32.7932	213.2216	214.4442	290.6586	0.0479	4.0706	5	328	nan	7	6213	152
particle_phocaea/particle_phocaea.out:DISRUPTION	2.0596	0.97518	25.4424	311.2754	73.337	65.5094	0.0511	4.068	5	2647	206	7	nan	1359
particle_phocaea/particle_phocaea.out:DISRUPTION	2.0753	0.97717	10.8073	335.9607	49.5297	163.0517	0.0474	4.1032	nan	125	nan	7	114	nan
particle_phocaea/particle_phocaea.out:DISRUPTION	2.4928	0.97763	17.254	271.0263	102.6745	49.6123	0.0558	4.9297	7	1524	25	8	1785	23
particle_teutonia/particle_teutonia.out:DISRUPTION	2.0328	0.97156	3.9286	151.7418	241.7024	344.9001	0.0578	4.0078	nan	4068	415	8	5117	303
particle_teutonia/particle_teutonia.out:DISRUPTION	2.682	0.97894	7.9834	54.1577	96.6164	337.3953	0.0565	5.3075	8	236	37	9	165	37
particle_teutonia/particle_teutonia.out:DISRUPTION	2.4163	0.97742	15.122	128.9116	358.9182	268.0068	0.0546	4.7781	6	33	nan	9	45	nan
particle_teutonia/particle_teutonia.out:DISRUPTION	2.4788	0.97847	23.7037	248.377	29.0631	121.8002	0.0534	4.9043	7	975	36	8	1025	29
particle_teutonia/particle_teutonia.out:DISRUPTION	2.4057	0.97931	9.6926	332.4829	9.6722	256.1672	0.0498	4.7617	6	16	nan	7	28	13
particle_teutonia/particle_teutonia.out:DISRUPTION	2.4165	0.97802	11.6332	194.1474	71.5145	330.5006	0.0531	4.7799	6	771	37	8	856	25
particle_teutonia/particle_teutonia.out:DISRUPTION	2.5375	0.98236	13.2654	230.0244	328.8765	24.3159	0.0448	5.0302	5	178	25	7	297	31
particle_teutonia/particle_teutonia.out:DISRUPTION	2.946	0.98811	20.898	97.1323	226.3124	345.2227	0.035	5.857	6	241	nan	6	241	nan
particle_teutonia/particle_teutonia.out:DISRUPTION	2.373	0.97743	6.5152	56.3447	315.4809	359.3826	0.0536	4.6924	nan	41	24	7	29	12
particle_teutonia/particle_teutonia.out:DISRUPTION	2.5907	0.97814	6.3173	49.5351	82.2063	193.2428	0.0566	5.1248	6	116	48	8	140	37
particle_teutonia/particle_teutonia.out:DISRUPTION	2.4504	0.98146	23.0393	48.606	210.4328	177.3624	0.0454	4.8555	5	952	64	8	1130	25
particle_teutonia/particle_teutonia.out:DISRUPTION	2.5468	0.98004	4.6679	25.7918	338.7141	11.3426	0.0508	5.0427	6	53	37	7	41	25
particle_teutonia/particle_teutonia.out:DISRUPTION	2.3023	0.97581	20.4932	227.5081	7.02	264.9216	0.0557	4.5489	5	37	nan	8	25	nan
particle_teutonia/particle_teutonia.out:DISRUPTION	2.2456	0.97686	9.7758	278.7796	212.1793	127.5893	0.052	4.4392	7	81	13	8	128	37
particle_teutonia/particle_teutonia.out:DISRUPTION	2.4152	0.97669	4.1802	163.2965	69.7018	316.1276	0.0563	4.774	7	37	13	10	48	13
particle_teutonia/particle_teutonia.out:DISRUPTION	2.4147	0.97902	10.3882	88.7319	51.6528	70.5416	0.0507	4.7787	5	366	36	7	496	25
particle_teutonia/particle_teutonia.out:DISRUPTION	2.3556	0.9768	6.0839	76.7703	218.5643	35.068	0.0546	4.6566	7	39	25	8	62	13
particle_teutonia/particle_teutonia.out:DISRUPTION	2.4291	0.9777	14.9325	180.2884	305.1984	345.6425	0.0542	4.804	6	1018	25	9	1231	22
particle_teutonia/particle_teutonia.out:DISRUPTION	2.4247	0.97891	20.0003	200.4348	358.816	120.837	0.0511	4.7982	5	47	nan	9	47	nan
particle_teutonia/particle_teutonia.out:DISRUPTION	2.0215	0.97189	10.1941	43.9745	181.8739	181.8502	0.0568	3.9861	nan	274	215	8	167	120
particle_teutonia/particle_teutonia.out:DISRUPTION	2.4318	0.98013	29.4766	171.2309	187.0398	258.7923	0.0483	4.8152	6	17	nan	8	29	nan
particle_teutonia/particle_teutonia.out:DISRUPTION	2.1142	0.97365	8.7044	138.7227	37.7098	268.5675	0.0557	4.1726	nan	47	nan	9	106	25
particle_teutonia/particle_teutonia.out:DISRUPTION	2.5282	0.98348	6.9673	277.8679	136.0815	137.8921	0.0418	5.0146	5	31	24	8	31	13
particle_teutonia/particle_teutonia.out:DISRUPTION	2.5053	0.97714	30.6208	48.0455	1.201	302.4122	0.0573	4.9533	8	19	13	12	19	nan
particle_teutonia/particle_teutonia.out:DISRUPTION	2.3879	0.97649	11.0592	36.0392	151.4764	328.0878	0.0561	4.7196	7	35	2	9	35	2
particle_teutonia/particle_teutonia.out:DISRUPTION	2.5567	0.97981	5.8218	55.5017	206.281	43.2283	0.0516	5.0617	6	50	25	9	49	19
particle_teutonia/particle_teutonia.out:DISRUPTION	2.5558	0.98236	15.8131	44.0511	331.2037	5.5975	0.0451	5.0665	5	183	24	8	42	24
particle_teutonia/particle_teutonia.out:DISRUPTION	2.4328	0.97833	12.2597	281.858	188.4984	312.3365	0.0527	4.8129	6	21	nan	7	33	13
particle_teutonia/particle_teutonia.out:DISRUPTION	2.2195	0.9755	2.6828	71.8363	271.7558	336.5045	0.0544	4.3847	7	64	49	8	64	37
particle_teutonia/particle_teutonia.out:DISRUPTION	2.4461	0.97808	1.9555	266.3934	344.9183	186.3895	0.0536	4.8386	6	37	nan	9	37	nan
particle_teutonia/particle_teutonia.out:DISRUPTION	2.5415	0.97729	17.6187	196.4393	22.9362	128.0289	0.0577	5.0253	8	83	13	10	155	60
particle_teutonia/particle_teutonia.out:DISRUPTION	2.4552	0.98443	35.3712	277.3781	3.352	103.4618	0.0382	4.8722	5	26	nan	6	26	nan
particle_teutonia/particle_teutonia.out:DISRUPTION	2.1889	0.97361	17.2926	326.8554	177.9683	310.3111	0.0578	4.32	6	70	37	8	58	13
particle_teutonia/particle_teutonia.out:DISRUPTION	2.4833	0.98084	21.0826	254.3294	44.0328	342.8089	0.0476	4.9191	6	1323	26	8	1640	24
particle_teutonia/particle_teutonia.out:DISRUPTION	2.5278	0.97978	12.3374	1.6188	20.489	247.6468	0.0511	5.0044	6	77	24	9	125	37
particle_teutonia/particle_teutonia.out:DISRUPTION	2.3549	0.97572	1.4035	4.3272	245.2333	71.5684	0.0572	4.6527	7	37	25	9	25	13
particle_teutonia/particle_teutonia.out:DISRUPTION	2.5637	0.97826	8.7866	3.2521	4.7807	229.5307	0.0557	5.0717	7	18	2	10	29	13
particle_teutonia/particle_teutonia.out:DISRUPTION	2.4885	0.97773	24.2932	291.704	191.3663	255.0446	0.0554	4.9216	7	117	26	9	93	25
particle_teutonia/particle_teutonia.out:DISRUPTION	2.4631	0.97806	2.544	247.4897	94.4019	196.7064	0.054	4.8721	7	52	13	10	76	13
particle_teutonia/particle_teutonia.out:DISRUPTION	2.3885	0.97799	12.0556	241.8291	26.2384	171.7189	0.0526	4.7244	7	73	25	8	99	24
particle_teutonia/particle_teutonia.out:DISRUPTION	2.4552	0.98164	9.4659	34.1635	336.3898	225.1256	0.0451	4.8653	6	18	13	7	41	25
particle_teutonia/particle_teutonia.out:DISRUPTION	2.5691	0.97876	21.178	150.9591	94.8002	40.8543	0.0546	5.0837	6	1955	73	9	2588	385
particle_teutonia/particle_teutonia.out:DISRUPTION	2.4365	0.97797	18.3875	327.0221	8.2146	143.1757	0.0537	4.8194	6	40	13	8	45	18
particle_teutonia/particle_teutonia.out:DISRUPTION	2.0951	0.97238	11.6153	212.2385	36.1751	6.2888	0.0579	4.1323	nan	nan	nan	8	73	nan
particle_teutonia/particle_teutonia.out:DISRUPTION	2.614	0.97907	27.5162	352.3307	343.0915	249.7431	0.0547	5.1734	7	254	nan	9	171	nan
particle_teutonia/particle_teutonia.out:DISRUPTION	2.4461	0.97999	5.7751	165.1355	289.3782	25.3363	0.049	4.8432	5	92	25	8	198	25
particle_teutonia/particle_teutonia.out:DISRUPTION	2.4881	0.97945	26.7432	275.4997	206.0869	335.2625	0.0511	4.925	6	1096	49	7	1250	36
particle_teutonia/particle_teutonia.out:DISRUPTION	2.2079	0.97461	4.9004	272.4835	16.8803	70.9181	0.0561	4.3598	6	3	nan	8	3	nan
particle_teutonia/particle_teutonia.out:DISRUPTION	2.3012	0.97774	7.7822	117.2869	207.3772	35.459	0.0512	4.5512	6	16	nan	7	28	nan
particle_teutonia/particle_teutonia.out:DISRUPTION	2.4814	0.97867	8.4128	164.868	238.7327	175.2597	0.0529	4.9098	6	78	25	8	256	25
particle_teutonia/particle_teutonia.out:DISRUPTION	2.3329	0.97547	18.9757	195.5271	192.1361	235.5011	0.0572	4.6085	nan	nan	nan	10	42	nan
particle_teutonia/particle_teutonia.out:DISRUPTION	2.3499	0.97713	24.431	349.3727	184.1457	9.6537	0.0537	4.646	6	11	nan	8	24	nan
particle_teutonia/particle_teutonia.out:DISRUPTION	2.5087	0.97759	4.598	17.1956	70.5643	325.3102	0.0562	4.9611	6	91	36	10	68	25
particle_teutonia/particle_teutonia.out:DISRUPTION	2.4894	0.9781	27.4346	183.8014	172.0619	234.3843	0.0545	4.9243	6	148	nan	10	171	nan
particle_teutonia/particle_teutonia.out:DISRUPTION	2.0097	0.97156	16.0608	115.367	185.5358	254.0988	0.0572	3.9622	nan	nan	nan	9	5436	1609
particle_teutonia/particle_teutonia.out:DISRUPTION	2.5258	0.98196	17.4407	157.512	114.3717	9.9064	0.0456	5.006	5	1300	46	9	1427	72
particle_teutonia/particle_teutonia.out:DISRUPTION	2.4103	0.97687	10.5522	227.0267	193.0328	304.5146	0.0557	4.7649	nan	nan	nan	8	7	nan
particle_teutonia/particle_teutonia.out:DISRUPTION	2.4909	0.98016	43.5461	77.9389	200.8663	295.0955	0.0494	4.9324	6	1380	104	8	2399	45
particle_teutonia/particle_teutonia.out:DISRUPTION	2.4741	0.97963	23.3449	355.5749	225.9764	170.0964	0.0504	4.8978	6	1818	84	8	2183	119
particle_teutonia/particle_teutonia.out:DISRUPTION	2.8488	0.98069	16.3441	176.3139	79.4696	93.058	0.055	5.6427	7	846	86	10	1094	72
particle_teutonia/particle_teutonia.out:DISRUPTION	2.4797	0.97988	18.0983	154.1478	257.84	63.9794	0.0499	4.9095	6	1241	83	9	1656	26
particle_teutonia/particle_teutonia.out:DISRUPTION	2.4889	0.97936	19.9059	354.518	38.8022	93.0019	0.0514	4.9265	6	991	61	9	1301	24
particle_teutonia/particle_teutonia.out:DISRUPTION	2.336	0.97778	20.66	88.3537	188.4191	89.1897	0.0519	4.6202	7	2	nan	10	26	25
particle_teutonia/particle_teutonia.out:DISRUPTION	2.4735	0.97676	27.6989	39.247	210.8901	232.3436	0.0575	4.8895	nan	nan	nan	10	1675	25
particle_teutonia/particle_teutonia.out:DISRUPTION	2.428	0.9797	11.7209	47.151	191.2752	235.3669	0.0493	4.8068	5	25	13	8	37	13
particle_teutonia/particle_teutonia.out:DISRUPTION	2.5846	0.97879	12.9127	84.1562	200.5694	36.1166	0.0548	5.1143	7	62	13	9	85	37
particle_z2_hle14.4/particle_z2_hle14.4.out:DISRUPTION	2.8419	0.97984	15.126	258.93	45.6375	147.4106	0.0573	5.6265	nan	nan	nan	10	644	81
particle_z2_hle14.4/particle_z2_hle14.4.out:DISRUPTION	2.9638	0.98163	12.3464	45.3121	226.0722	241.26	0.0544	5.8731	nan	nan	nan	8	346	75
